186.832	626.3
187.157	942.3
187.483	946.7
187.808	962.0
188.134	941.7
188.459	937.3
188.785	951.0
189.110	926.7
189.436	928.7
189.761	947.0
190.087	925.3
190.413	915.7
190.739	896.7
191.064	941.0
191.390	918.3
191.716	909.7
192.042	948.7
192.368	948.3
192.694	917.3
193.020	917.7
193.346	940.3
193.672	932.0
193.998	928.3
194.324	928.0
194.651	931.3
194.977	930.0
195.303	952.0
195.629	937.3
195.956	913.3
196.282	944.3
196.609	912.3
196.935	924.0
197.261	917.3
197.588	918.3
197.915	922.3
198.241	929.0
198.568	928.0
198.895	930.7
199.221	907.0
199.548	921.0
199.875	928.7
200.202	935.3
200.529	897.7
200.856	926.3
201.182	929.7
201.509	923.7
201.837	922.7
202.164	935.0
202.491	936.3
202.818	938.0
203.145	914.3
203.472	914.7
203.799	910.3
204.127	928.0
204.454	926.3
204.781	906.3
205.109	918.7
205.436	908.0
205.764	903.0
206.091	919.3
206.419	916.7
206.746	924.7
207.074	910.3
207.402	918.7
207.729	905.0
208.057	933.0
208.385	939.7
208.713	928.0
209.041	923.0
209.369	948.0
209.696	907.7
210.024	943.0
210.352	918.0
210.680	942.0
211.009	935.7
211.337	952.3
211.665	933.0
211.993	950.7
212.321	935.3
212.650	943.0
212.978	939.0
213.306	949.0
213.635	922.3
213.963	941.7
214.291	943.0
214.620	945.3
214.948	918.0
215.277	928.0
215.606	938.7
215.934	972.3
216.263	914.3
216.592	928.3
216.920	924.0
217.249	932.3
217.578	939.0
217.907	945.7
218.236	920.7
218.565	951.0
218.894	930.0
219.223	933.3
219.552	933.3
219.881	973.0
220.210	919.3
220.539	930.0
220.868	912.7
221.197	945.7
221.527	936.3
221.856	933.3
222.185	934.7
222.515	943.0
222.844	925.0
223.173	950.0
223.503	954.0
223.832	952.7
224.162	947.0
224.492	964.7
224.821	917.0
225.151	942.7
225.481	930.0
225.810	928.0
226.140	933.0
226.470	932.0
226.800	914.7
227.130	950.7
227.460	923.3
227.790	943.3
228.120	920.7
228.450	933.7
228.780	927.0
229.110	954.3
229.440	948.3
229.770	968.3
230.100	956.0
230.431	957.0
230.761	953.3
231.091	956.0
231.422	943.7
231.752	960.0
232.082	945.3
232.413	962.0
232.743	956.7
233.074	952.3
233.404	939.7
233.735	959.3
234.066	957.7
234.396	956.0
234.727	918.7
235.058	950.3
235.389	962.0
235.719	959.7
236.050	938.0
236.381	968.0
236.712	951.3
237.043	948.3
237.374	963.7
237.705	961.3
238.036	956.0
238.367	986.7
238.699	972.3
239.030	957.7
239.361	946.7
239.692	969.7
240.024	935.7
240.355	953.3
240.686	954.0
241.018	957.0
241.349	929.0
241.681	947.0
242.012	964.0
242.344	994.7
242.675	951.3
243.007	976.3
243.339	991.3
243.670	952.7
244.002	956.7
244.334	942.0
244.666	957.7
244.997	984.3
245.329	961.7
245.661	970.7
245.993	945.0
246.325	985.7
246.657	937.3
246.989	968.7
247.321	972.3
247.654	964.3
247.986	928.0
248.318	970.3
248.650	944.0
248.982	947.7
249.315	955.0
249.647	962.0
249.979	949.7
250.312	948.0
250.644	956.0
250.977	956.3
251.309	945.7
251.642	950.7
251.974	948.7
252.307	950.7
252.640	941.7
252.972	957.0
253.305	935.0
253.638	946.7
253.971	970.7
254.304	964.0
254.637	969.3
254.969	960.3
255.302	963.3
255.635	958.0
255.968	950.0
256.301	959.3
256.635	931.7
256.968	963.0
257.301	961.0
257.634	947.3
257.967	933.0
258.301	951.0
258.634	938.7
258.967	936.7
259.301	959.0
259.634	963.0
259.967	938.0
260.301	951.7
260.634	942.3
260.968	941.7
261.302	942.3
261.635	971.0
261.969	949.7
262.303	930.7
262.636	943.0
262.970	950.7
263.304	920.3
263.638	953.0
263.972	936.0
264.306	953.7
264.639	952.7
264.973	963.3
265.307	928.3
265.642	943.0
265.976	948.3
266.310	945.3
266.644	941.3
266.978	979.7
267.312	939.7
267.647	971.7
267.981	949.3
268.315	967.3
268.650	949.7
268.984	952.3
269.318	956.0
269.653	947.7
269.987	940.0
270.322	966.0
270.656	962.3
270.991	940.0
271.326	924.0
271.660	961.0
271.995	939.0
272.330	943.7
272.665	946.3
272.999	936.3
273.334	938.3
273.669	961.7
274.004	968.0
274.339	947.3
274.674	925.0
275.009	947.3
275.344	935.3
275.679	968.3
276.014	940.7
276.350	951.0
276.685	945.0
277.020	952.3
277.355	959.7
277.691	963.3
278.026	948.0
278.361	974.0
278.697	942.3
279.032	956.0
279.368	953.0
279.703	957.7
280.039	954.7
280.374	955.7
280.710	943.7
281.046	954.7
281.381	929.7
281.717	964.7
282.053	946.7
282.389	947.7
282.724	941.0
283.060	942.3
283.396	929.3
283.732	952.7
284.068	942.3
284.404	928.0
284.740	955.3
285.076	963.7
285.412	945.7
285.748	934.7
286.085	936.3
286.421	965.3
286.757	930.7
287.093	937.7
287.430	955.3
287.766	958.7
288.102	948.0
288.439	945.3
288.775	957.3
289.112	952.0
289.448	912.7
289.785	948.3
290.121	958.3
290.458	942.3
290.795	947.0
291.131	928.0
291.468	946.7
291.805	961.7
292.142	938.7
292.478	950.0
292.815	934.0
293.152	934.7
293.489	930.3
293.826	941.0
294.163	919.7
294.500	938.7
294.837	920.3
295.174	968.7
295.511	940.7
295.849	930.3
296.186	920.3
296.523	946.3
296.860	953.7
297.198	951.7
297.535	927.0
297.872	952.0
298.210	954.0
298.547	940.3
298.885	943.3
299.222	934.0
299.560	933.7
299.897	938.0
300.235	929.7
300.572	953.3
300.910	926.7
301.248	938.3
301.586	926.7
301.923	930.3
302.261	932.3
302.599	963.0
302.937	935.0
303.275	931.0
303.613	928.3
303.951	933.0
304.289	927.0
304.627	952.7
304.965	933.0
305.303	943.7
305.641	937.7
305.979	928.0
306.318	937.0
306.656	946.7
306.994	940.0
307.332	927.7
307.671	931.7
308.009	953.0
308.348	921.3
308.686	949.0
309.025	946.0
309.363	954.0
309.702	941.0
310.040	922.0
310.379	935.0
310.718	954.7
311.056	927.3
311.395	936.0
311.734	908.0
312.072	961.3
312.411	925.0
312.750	932.3
313.089	944.7
313.428	947.0
313.767	928.0
314.106	949.7
314.445	925.3
314.784	918.0
315.123	922.3
315.462	934.7
315.801	947.7
316.141	928.3
316.480	911.7
316.819	922.3
317.158	912.7
317.498	929.0
317.837	921.0
318.176	928.0
318.516	928.0
318.855	925.7
319.195	915.0
319.534	934.7
319.874	931.7
320.213	942.3
320.553	937.0
320.893	934.3
321.232	935.3
321.572	913.3
321.912	925.0
322.252	947.7
322.592	944.0
322.931	941.0
323.271	935.7
323.611	952.0
323.951	935.3
324.291	951.7
324.631	938.3
324.971	923.7
325.311	929.0
325.651	967.7
325.992	943.3
326.332	951.3
326.672	926.7
327.012	937.3
327.353	956.0
327.693	956.7
328.033	946.0
328.374	931.0
328.714	964.0
329.055	950.7
329.395	939.0
329.736	976.0
330.076	934.3
330.417	944.3
330.757	958.7
331.098	959.0
331.439	954.7
331.779	961.7
332.120	954.0
332.461	952.7
332.802	933.0
333.143	932.7
333.483	937.7
333.824	966.7
334.165	941.7
334.506	967.7
334.847	965.3
335.188	946.3
335.529	958.0
335.870	946.7
336.212	945.0
336.553	943.7
336.894	950.0
337.235	941.3
337.576	927.7
337.918	962.0
338.259	936.3
338.600	932.0
338.942	939.3
339.283	942.3
339.625	944.7
339.966	944.3
340.308	974.3
340.649	969.7
340.991	931.0
341.333	927.7
341.674	953.0
342.016	933.7
342.358	938.3
342.699	935.7
343.041	955.0
343.383	935.0
343.725	952.0
344.067	957.3
344.409	931.7
344.751	946.7
345.093	954.7
345.435	944.3
345.777	942.3
346.119	960.7
346.461	953.0
346.803	939.7
347.145	940.7
347.488	926.0
347.830	936.0
348.172	927.7
348.514	918.7
348.857	953.7
349.199	934.3
349.541	951.3
349.884	923.7
350.226	929.7
350.569	938.3
350.911	955.0
351.254	923.3
351.597	915.3
351.939	950.7
352.282	922.7
352.625	942.0
352.967	956.7
353.310	919.0
353.653	936.3
353.996	925.7
354.339	946.7
354.681	938.0
355.024	941.0
355.367	933.0
355.710	940.0
356.053	937.0
356.396	950.7
356.739	928.0
357.083	944.0
357.426	938.0
357.769	917.3
358.112	915.3
358.455	914.0
358.799	918.3
359.142	920.3
359.485	925.3
359.829	903.3
360.172	917.7
360.515	934.3
360.859	879.7
361.202	929.7
361.546	905.7
361.889	928.0
362.233	911.0
362.577	912.7
362.920	917.3
363.264	926.0
363.608	912.3
363.951	923.7
364.295	924.0
364.639	932.3
364.983	909.7
365.327	932.0
365.671	917.3
366.015	934.3
366.359	941.3
366.703	945.0
367.047	917.7
367.391	936.0
367.735	927.0
368.079	932.7
368.423	937.7
368.767	936.7
369.111	931.0
369.456	942.3
369.800	921.0
370.144	944.7
370.489	941.7
370.833	927.3
371.177	926.7
371.522	962.3
371.866	934.3
372.211	949.3
372.555	951.7
372.900	946.3
373.245	929.3
373.589	958.0
373.934	931.3
374.279	924.7
374.623	956.7
374.968	959.0
375.313	936.0
375.658	929.0
376.003	960.7
376.347	958.7
376.692	948.7
377.037	943.3
377.382	938.3
377.727	961.7
378.072	954.7
378.417	939.7
378.762	944.0
379.108	981.7
379.453	957.3
379.798	967.3
380.143	914.3
380.488	957.7
380.834	939.7
381.179	953.0
381.524	923.7
381.870	942.3
382.215	929.3
382.561	947.3
382.906	925.7
383.252	980.7
383.597	938.0
383.943	962.0
384.288	924.0
384.634	944.0
384.980	937.3
385.325	940.7
385.671	954.0
386.017	935.3
386.363	933.3
386.708	936.3
387.054	941.7
387.400	965.7
387.746	938.0
388.092	952.7
388.438	937.7
388.784	973.3
389.130	946.3
389.476	936.0
389.822	946.0
390.168	966.0
390.514	975.0
390.860	955.7
391.207	941.7
391.553	987.3
391.899	937.7
392.246	982.7
392.592	962.3
392.938	960.0
393.285	935.7
393.631	975.0
393.978	960.3
394.324	1001.7
394.671	1014.3
395.017	1008.3
395.364	999.0
395.710	970.0
396.057	976.3
396.404	955.0
396.750	981.3
397.097	988.7
397.444	973.7
397.791	981.7
398.137	961.7
398.484	949.3
398.831	958.0
399.178	957.3
399.525	946.0
399.872	958.3
400.219	963.3
400.566	990.3
400.913	943.7
401.260	979.3
401.607	970.0
401.955	981.7
402.302	965.0
402.649	967.3
402.996	966.3
403.344	969.3
403.691	988.3
404.038	1042.0
404.386	1046.0
404.733	1057.3
405.080	993.0
405.428	970.3
405.775	980.7
406.123	988.3
406.470	966.3
406.818	969.3
407.166	965.3
407.513	973.0
407.861	982.3
408.209	971.7
408.556	971.0
408.904	1002.3
409.252	979.7
409.600	989.7
409.948	978.0
410.296	967.0
410.643	998.0
410.991	987.3
411.339	979.0
411.687	995.7
412.035	963.7
412.383	977.0
412.732	952.3
413.080	982.7
413.428	969.7
413.776	987.0
414.124	981.0
414.473	1006.0
414.821	1037.7
415.169	1156.3
415.517	1384.7
415.866	1516.7
416.214	1382.0
416.563	1146.7
416.911	1017.0
417.260	980.0
417.608	1022.7
417.957	1060.7
418.305	1107.7
418.654	1186.7
419.002	1266.7
419.351	1432.7
419.700	1631.0
420.049	1672.0
420.397	1439.0
420.746	1105.0
421.095	969.7
421.444	976.3
421.793	963.7
422.141	971.0
422.490	989.3
422.839	964.7
423.188	984.0
423.537	974.7
423.886	978.3
424.236	978.3
424.585	993.7
424.934	1043.0
425.283	1078.0
425.632	1187.0
425.981	1219.0
426.331	1262.0
426.680	1233.7
427.029	1276.3
427.379	1157.3
427.728	1089.0
428.077	983.3
428.427	970.3
428.776	988.7
429.126	1003.0
429.475	1053.0
429.825	1154.3
430.174	1114.0
430.524	1070.3
430.874	980.0
431.223	975.0
431.573	967.0
431.923	989.3
432.273	984.0
432.622	1026.7
432.972	1125.0
433.322	1196.7
433.672	1176.3
434.022	1081.0
434.372	1025.3
434.722	1024.3
435.072	1011.7
435.422	984.7
435.772	982.7
436.122	989.0
436.472	969.3
436.822	975.0
437.172	962.0
437.522	989.3
437.873	979.7
438.223	980.7
438.573	975.7
438.923	971.3
439.274	961.7
439.624	1001.0
439.975	995.7
440.325	971.0
440.675	972.3
441.026	981.7
441.376	981.3
441.727	994.3
442.078	992.3
442.428	997.3
442.779	997.7
443.130	1000.3
443.480	959.3
443.831	963.7
444.182	971.3
444.532	979.7
444.883	980.3
445.234	995.0
445.585	975.7
445.936	983.7
446.287	991.3
446.638	981.7
446.989	974.0
447.340	979.7
447.691	972.3
448.042	1003.3
448.393	968.3
448.744	1003.7
449.095	970.7
449.446	985.7
449.798	992.7
450.149	1017.0
450.500	1024.0
450.851	1027.3
451.203	1057.3
451.554	1038.3
451.905	995.3
452.257	992.0
452.608	998.3
452.960	977.3
453.311	975.0
453.663	955.0
454.014	970.7
454.366	978.3
454.718	1007.0
455.069	1063.7
455.421	1074.3
455.773	1034.7
456.124	978.7
456.476	991.0
456.828	993.7
457.180	971.0
457.531	984.3
457.883	1005.0
458.235	965.0
458.587	978.0
458.939	988.0
459.291	998.3
459.643	1003.3
459.995	991.3
460.347	983.3
460.699	978.0
461.051	967.7
461.404	973.0
461.756	951.3
462.108	970.7
462.460	985.3
462.812	1000.0
463.165	1005.0
463.517	988.0
463.869	980.7
464.222	1010.0
464.574	986.7
464.927	989.3
465.279	976.0
465.632	971.0
465.984	967.3
466.337	988.0
466.689	982.0
467.042	982.7
467.394	982.7
467.747	970.7
468.100	950.7
468.452	978.0
468.805	974.7
469.158	983.7
469.511	972.0
469.864	1013.0
470.216	998.7
470.569	991.0
470.922	984.3
471.275	977.7
471.628	962.0
471.981	973.7
472.334	983.3
472.687	993.3
473.040	965.0
473.393	959.7
473.747	984.3
474.100	987.7
474.453	973.7
474.806	966.0
475.159	992.3
475.513	993.7
475.866	985.0
476.219	989.3
476.573	998.0
476.926	978.0
477.279	975.0
477.633	977.3
477.986	984.7
478.340	962.0
478.693	969.0
479.047	976.7
479.400	965.3
479.754	964.7
480.108	969.0
480.461	981.0
480.815	983.7
481.169	967.0
481.522	946.3
481.876	969.0
482.230	949.7
482.584	971.0
482.938	974.3
483.292	981.0
483.646	977.7
483.999	961.3
484.353	960.0
484.707	952.0
485.061	971.3
485.416	975.3
485.770	970.3
486.124	936.7
486.478	955.7
486.832	967.3
487.186	969.7
487.540	987.0
487.895	980.7
488.249	997.7
488.603	1006.0
488.957	991.0
489.312	983.7
489.666	969.7
490.021	976.7
490.375	971.3
490.730	972.7
491.084	970.3
491.439	942.0
491.793	981.0
492.148	971.0
492.502	993.3
492.857	1000.0
493.211	1032.3
493.566	1044.3
493.921	1021.0
494.276	978.3
494.630	968.0
494.985	974.0
495.340	991.3
495.695	964.3
496.050	970.0
496.405	965.3
496.759	987.0
497.114	977.7
497.469	975.3
497.824	996.0
498.179	980.7
498.534	994.0
498.890	974.3
499.245	988.3
499.600	986.0
499.955	965.0
500.310	974.7
500.665	969.3
501.021	999.7
501.376	965.3
501.731	983.7
502.087	977.7
502.442	994.3
502.797	971.7
503.153	988.3
503.508	961.7
503.864	1000.0
504.219	985.0
504.575	985.0
504.930	978.0
505.286	1014.7
505.641	1004.7
505.997	1026.3
506.353	1017.3
506.708	1002.0
507.064	984.7
507.420	997.7
507.775	967.0
508.131	980.3
508.487	993.3
508.843	983.7
509.199	984.0
509.555	987.0
509.911	978.0
510.266	972.0
510.622	971.0
510.978	995.0
511.334	1001.7
511.691	994.7
512.047	990.7
512.403	977.0
512.759	959.0
513.115	1001.7
513.471	982.7
513.827	1005.7
514.184	967.0
514.540	1001.0
514.896	1016.7
515.252	1027.0
515.609	1021.7
515.965	1070.7
516.322	1033.3
516.678	1018.3
517.034	980.7
517.391	986.0
517.747	1010.0
518.104	1024.7
518.461	1011.3
518.817	1042.3
519.174	1018.0
519.530	997.7
519.887	983.0
520.244	968.3
520.600	997.7
520.957	988.7
521.314	997.0
521.671	1015.0
522.027	1033.0
522.384	1029.0
522.741	996.0
523.098	1010.3
523.455	961.3
523.812	969.3
524.169	980.7
524.526	991.0
524.883	1024.0
525.240	1022.3
525.597	1008.7
525.954	993.7
526.311	940.7
526.668	995.0
527.026	969.7
527.383	971.7
527.740	980.0
528.097	996.7
528.455	979.3
528.812	976.3
529.169	968.0
529.527	974.7
529.884	971.3
530.241	983.7
530.599	968.7
530.956	993.0
531.314	975.3
531.671	973.0
532.029	1001.3
532.387	974.0
532.744	981.7
533.102	964.3
533.459	956.7
533.817	958.3
534.175	984.0
534.532	973.7
534.890	987.0
535.248	1002.7
535.606	982.3
535.964	972.7
536.322	974.3
536.679	987.7
537.037	995.3
537.395	982.7
537.753	983.3
538.111	993.7
538.469	982.7
538.827	982.3
539.185	981.0
539.543	1002.7
539.901	987.3
540.260	964.0
540.618	960.0
540.976	995.0
541.334	979.7
541.692	1007.7
542.051	1007.7
542.409	986.3
542.767	976.0
543.126	971.7
543.484	993.0
543.842	999.3
544.201	1015.7
544.559	1019.0
544.918	1000.7
545.276	1010.3
545.635	994.7
545.993	1016.0
546.352	968.3
546.711	985.3
547.069	972.7
547.428	984.0
547.786	991.7
548.145	989.7
548.504	1007.0
548.863	1047.7
549.221	1042.7
549.580	1065.3
549.939	1047.0
550.298	1019.7
550.657	1004.7
551.016	975.0
551.375	981.3
551.734	975.0
552.093	986.7
552.452	1006.7
552.811	989.0
553.170	1002.0
553.529	1015.3
553.888	1006.3
554.247	977.7
554.606	970.7
554.965	1027.0
555.324	1056.3
555.684	1066.3
556.043	1059.7
556.402	1030.3
556.762	1019.7
557.121	1014.3
557.480	1024.7
557.840	1004.7
558.199	1015.7
558.558	981.3
558.918	1002.0
559.277	1031.0
559.637	1026.3
559.996	1056.0
560.356	1074.3
560.716	1081.3
561.075	1049.7
561.435	1002.7
561.794	1021.7
562.154	997.3
562.514	1015.7
562.874	997.0
563.233	1009.3
563.593	1008.7
563.953	1028.0
564.313	1026.0
564.673	1034.0
565.033	1042.0
565.392	1039.0
565.752	1019.7
566.112	1008.3
566.472	1031.3
566.832	1007.0
567.192	1018.7
567.552	1041.0
567.912	1048.7
568.273	1096.0
568.633	1142.7
568.993	1103.7
569.353	1058.7
569.713	1020.7
570.073	1005.7
570.434	1010.7
570.794	1029.7
571.154	1029.0
571.515	1000.3
571.875	1038.0
572.235	1018.7
572.596	1021.0
572.956	996.7
573.317	1035.0
573.677	1050.0
574.038	1033.0
574.398	1035.3
574.759	1030.0
575.119	1020.3
575.480	1032.3
575.840	1024.7
576.201	1020.7
576.562	1033.3
576.922	1031.0
577.283	1039.3
577.644	1010.0
578.005	1040.7
578.365	1057.3
578.726	1034.0
579.087	1035.0
579.448	1036.3
579.809	1059.7
580.170	1074.3
580.531	1035.7
580.892	1039.3
581.253	1034.0
581.614	1034.7
581.975	1055.3
582.336	1053.3
582.697	1088.0
583.058	1071.3
583.419	1098.0
583.780	1094.7
584.141	1126.7
584.503	1130.7
584.864	1180.0
585.225	1218.0
585.586	1250.7
585.948	1317.7
586.309	1348.0
586.670	1484.7
587.032	1634.3
587.393	2019.3
587.754	4418.3
588.116	17538.7
588.477	37877.7
588.839	59460.0
589.200	61902.7
589.562	54059.7
589.923	28657.3
590.285	11462.0
590.647	2710.7
591.008	1680.7
591.370	1453.3
591.732	1348.3
592.093	1287.7
592.455	1224.3
592.817	1173.0
593.179	1126.0
593.540	1119.7
593.902	1095.3
594.264	1105.0
594.626	1078.7
594.988	1072.0
595.350	1048.7
595.712	1040.3
596.074	1051.0
596.436	1027.3
596.798	1056.7
597.160	1049.3
597.522	1043.7
597.884	1047.7
598.246	1041.0
598.608	1052.3
598.970	1059.0
599.332	1051.3
599.695	1061.7
600.057	1053.0
600.419	1054.7
600.781	1018.3
601.144	1041.3
601.506	1034.7
601.868	1036.3
602.231	1105.7
602.593	1153.0
602.956	1235.0
603.318	1269.0
603.680	1171.0
604.043	1156.7
604.405	1117.3
604.768	1083.3
605.131	1083.7
605.493	1061.7
605.856	1060.0
606.218	1013.7
606.581	1025.3
606.944	1007.7
607.306	1004.7
607.669	1008.0
608.032	997.7
608.395	1005.7
608.757	1027.3
609.120	997.0
609.483	1016.7
609.846	1013.0
610.209	1036.0
610.572	1043.3
610.935	1060.7
611.298	1023.3
611.661	1012.7
612.024	998.3
612.387	1012.7
612.750	1020.7
613.113	1019.0
613.476	1018.0
613.839	1045.7
614.202	1045.7
614.565	1069.0
614.928	1035.3
615.292	1058.0
615.655	1056.0
616.018	1061.0
616.381	1034.7
616.745	1060.7
617.108	1035.7
617.471	1047.3
617.835	1000.0
618.198	1011.7
618.562	968.3
618.925	1008.0
619.289	984.7
619.652	975.7
620.016	982.0
620.379	984.0
620.743	1026.3
621.106	1017.7
621.470	1043.0
621.833	1029.7
622.197	1009.0
622.561	971.3
622.924	978.3
623.288	984.0
623.652	997.7
624.016	997.3
624.379	988.0
624.743	996.7
625.107	985.0
625.471	1001.3
625.835	998.7
626.199	1007.7
626.563	980.0
626.927	994.7
627.291	1011.3
627.655	993.7
628.019	972.3
628.383	992.7
628.747	984.7
629.111	996.7
629.475	1014.3
629.839	1025.0
630.203	1025.3
630.567	1039.0
630.931	1019.3
631.296	1021.3
631.660	992.3
632.024	1019.7
632.389	980.3
632.753	989.0
633.117	967.7
633.481	1000.0
633.846	978.3
634.210	996.7
634.575	1005.3
634.939	1010.7
635.304	985.3
635.668	981.7
636.033	1019.3
636.397	1005.0
636.762	995.0
637.126	1004.7
637.491	1003.7
637.855	1006.3
638.220	1009.0
638.585	1011.3
638.949	991.7
639.314	1008.7
639.679	1000.3
640.044	986.0
640.408	994.3
640.773	1036.7
641.138	1083.7
641.503	1121.0
641.868	1070.0
642.233	1070.0
642.598	980.0
642.963	967.7
643.327	957.0
643.692	982.7
644.057	961.0
644.422	960.7
644.788	951.0
645.153	971.7
645.518	965.3
645.883	987.3
646.248	965.7
646.613	982.3
646.978	959.7
647.343	970.0
647.709	968.0
648.074	961.3
648.439	976.3
648.804	970.3
649.170	971.0
649.535	977.0
649.900	981.0
650.266	969.0
650.631	990.7
650.997	979.3
651.362	975.0
651.728	966.0
652.093	991.7
652.459	1001.7
652.824	980.7
653.190	984.0
653.555	978.3
653.921	1001.7
654.286	1019.7
654.652	981.3
655.018	973.0
655.383	978.0
655.749	969.3
656.115	1002.7
656.481	996.0
656.846	1003.7
657.212	965.3
657.578	972.3
657.944	978.0
658.310	993.3
658.676	976.0
659.041	965.0
659.407	970.0
659.773	987.3
660.139	984.0
660.505	1009.0
660.871	982.3
661.237	1013.3
661.603	975.0
661.969	974.7
662.336	971.7
662.702	987.0
663.068	978.3
663.434	998.0
663.800	976.3
664.166	987.7
664.533	988.0
664.899	975.7
665.265	997.0
665.631	996.7
665.998	1010.7
666.364	1007.7
666.730	1003.7
667.097	1049.7
667.463	1085.0
667.830	1081.3
668.196	1031.0
668.562	1007.0
668.929	1008.0
669.295	979.0
669.662	982.0
670.028	1019.7
670.395	991.0
670.762	983.7
671.128	993.7
671.495	990.0
671.862	1013.0
672.228	1007.0
672.595	1003.3
672.962	991.0
673.328	983.7
673.695	988.3
674.062	988.3
674.429	1061.3
674.796	1149.0
675.162	1221.7
675.529	1161.7
675.896	1083.7
676.263	1047.0
676.630	988.3
676.997	991.3
677.364	973.7
677.731	1007.0
678.098	978.3
678.465	960.0
678.832	973.7
679.199	963.3
679.566	983.7
679.933	981.7
680.300	976.3
680.668	982.7
681.035	996.7
681.402	981.0
681.769	1002.3
682.136	991.3
682.504	1002.0
682.871	1010.7
683.238	1014.3
683.606	991.7
683.973	1022.3
684.340	1015.7
684.708	1012.0
685.075	994.0
685.442	1012.7
685.810	1002.3
686.177	1017.7
686.545	1101.0
686.912	1139.3
687.280	1169.3
687.647	1113.7
688.015	1062.7
688.383	1036.3
688.750	1019.0
689.118	1030.7
689.486	994.3
689.853	1002.3
690.221	989.0
690.589	990.0
690.956	1019.7
691.324	1005.0
691.692	996.7
692.060	1024.0
692.428	1024.0
692.795	999.0
693.163	1015.0
693.531	1079.7
693.899	1071.0
694.267	1046.3
694.635	1084.0
695.003	1062.7
695.371	1239.3
695.739	3748.7
696.107	7961.0
696.475	9798.7
696.843	7386.7
697.211	4632.0
697.579	2195.7
697.947	1269.7
698.316	1111.7
698.684	1057.7
699.052	1085.0
699.420	1053.3
699.788	1023.0
700.157	1019.0
700.525	1004.0
700.893	1026.7
701.261	1009.0
701.630	999.3
701.998	1023.7
702.367	1085.0
702.735	1178.3
703.103	1196.0
703.472	1108.3
703.840	1081.3
704.209	1028.7
704.577	1020.0
704.946	1028.7
705.314	1075.7
705.683	1450.0
706.051	4775.0
706.420	8028.7
706.789	8736.0
707.157	5840.3
707.526	3386.3
707.895	1591.3
708.263	1182.3
708.632	1090.3
709.001	1075.3
709.369	1040.7
709.738	1020.7
710.107	1043.3
710.476	1064.0
710.845	1057.0
711.214	1081.3
711.582	1034.7
711.951	1031.0
712.320	1029.7
712.689	1013.0
713.058	1030.3
713.427	1024.0
713.796	1138.3
714.165	1549.3
714.534	1835.3
714.903	1716.0
715.272	1380.3
715.641	1148.7
716.011	1035.0
716.380	1013.7
716.749	1017.7
717.118	981.3
717.487	979.0
717.856	1006.3
718.226	992.7
718.595	992.7
718.964	977.0
719.333	1008.7
719.703	982.0
720.072	988.7
720.441	1037.0
720.811	1047.7
721.180	1026.0
721.550	1009.0
721.919	967.0
722.289	996.0
722.658	981.3
723.027	974.0
723.397	990.7
723.767	986.0
724.136	1009.7
724.506	993.3
724.875	991.7
725.245	993.7
725.614	1013.0
725.984	998.0
726.354	1242.0
726.723	2408.3
727.093	3342.3
727.463	3236.7
727.833	2237.0
728.202	1488.0
728.572	1116.7
728.942	1072.3
729.312	1055.0
729.682	1035.3
730.051	1041.7
730.421	1062.7
730.791	1058.3
731.161	1068.7
731.531	1062.0
731.901	1053.0
732.271	1024.3
732.641	1050.0
733.011	1020.7
733.381	1010.7
733.751	1013.3
734.121	1023.7
734.491	1064.7
734.861	1095.7
735.232	1147.3
735.602	1146.0
735.972	1074.0
736.342	1101.0
736.712	1260.7
737.082	1369.3
737.453	2241.0
737.823	9896.0
738.193	16900.0
738.564	16188.0
738.934	8923.7
739.304	3933.0
739.675	1873.0
740.045	1440.0
740.415	1281.3
740.786	1204.0
741.156	1191.7
741.527	1162.3
741.897	1185.0
742.268	1162.0
742.638	1166.7
743.009	1164.7
743.379	1187.0
743.750	1183.7
744.120	1122.0
744.491	1109.0
744.862	1074.0
745.232	1070.7
745.603	1057.0
745.974	1042.3
746.344	1088.7
746.715	1075.0
747.086	1097.7
747.457	1099.7
747.827	1067.3
748.198	1103.7
748.569	1118.7
748.940	1173.3
749.311	1338.0
749.681	4847.7
750.052	12633.0
750.423	16115.0
750.794	14909.3
751.165	17989.7
751.536	18456.0
751.907	10539.0
752.278	4604.0
752.649	2215.3
753.020	1602.7
753.391	1425.7
753.762	1340.3
754.133	1303.3
754.504	1292.7
754.876	1222.3
755.247	1196.3
755.618	1203.7
755.989	1179.7
756.360	1139.3
756.731	1147.7
757.103	1116.3
757.474	1112.7
757.845	1114.7
758.217	1092.0
758.588	1076.3
758.959	1088.3
759.331	1089.7
759.702	1071.0
760.073	1099.0
760.445	1120.0
760.816	1086.3
761.188	1133.7
761.559	1169.3
761.931	1227.0
762.302	1482.3
762.674	5606.3
763.045	34880.0
763.417	55832.3
763.788	48006.3
764.160	19694.3
764.531	6568.0
764.903	3087.3
765.275	2153.7
765.646	1896.0
766.018	2463.3
766.390	3007.3
766.761	2704.7
767.133	1874.7
767.505	1523.7
767.877	1401.3
768.248	1324.0
768.620	1280.3
768.992	1300.3
769.364	1574.7
769.736	1955.3
770.108	1923.3
770.480	1507.3
770.851	1256.7
771.223	1252.0
771.595	2774.7
771.967	14288.3
772.339	23079.3
772.711	18737.3
773.083	7123.3
773.455	2784.0
773.827	1758.3
774.200	1460.3
774.572	1308.3
774.944	1240.3
775.316	1231.7
775.688	1225.3
776.060	1179.3
776.432	1159.0
776.805	1111.7
777.177	1142.3
777.549	1149.0
777.921	1106.0
778.294	1089.0
778.666	1107.0
779.038	1074.3
779.410	1066.0
779.783	1066.3
780.155	1057.7
780.528	1030.3
780.900	1081.7
781.272	1031.0
781.645	1052.3
782.017	1018.3
782.390	1028.3
782.762	1031.3
783.135	1029.7
783.507	1038.3
783.880	1055.7
784.252	1032.0
784.625	1060.0
784.998	1048.3
785.370	1074.3
785.743	1063.0
786.115	1043.0
786.488	1052.0
786.861	1072.3
787.233	1040.0
787.606	1043.3
787.979	1062.3
788.352	1056.3
788.724	1064.7
789.097	1090.7
789.470	1065.0
789.843	1068.0
790.216	1045.0
790.589	1055.7
790.961	1047.7
791.334	1066.7
791.707	1057.7
792.080	1049.3
792.453	1070.7
792.826	1066.7
793.199	1090.7
793.572	1111.7
793.945	1416.0
794.318	7313.0
794.691	17023.7
795.064	17353.7
795.437	6935.3
795.810	2432.7
796.183	1562.7
796.557	1344.3
796.930	1249.3
797.303	1194.0
797.676	1194.7
798.049	1169.3
798.422	1181.7
798.796	1154.0
799.169	1199.0
799.542	1224.7
799.915	1808.0
800.289	7015.0
800.662	10477.3
801.035	15301.0
801.409	20203.0
801.782	18104.0
802.156	6512.0
802.529	2476.7
802.902	1616.7
803.276	1413.7
803.649	1298.0
804.023	1287.0
804.396	1250.0
804.770	1247.7
805.143	1252.3
805.517	1213.3
805.890	1201.3
806.264	1184.0
806.638	1137.7
807.011	1150.3
807.385	1122.3
807.758	1151.0
808.132	1168.7
808.506	1190.3
808.879	1199.7
809.253	1243.0
809.627	1962.0
810.001	11780.3
810.374	21332.7
810.748	19730.7
811.122	30998.0
811.496	56498.7
811.870	53552.7
812.243	17348.0
812.617	5115.7
812.991	2762.7
813.365	2101.3
813.739	1804.7
814.113	1700.0
814.487	1622.7
814.861	1533.0
815.235	1509.3
815.609	1442.0
815.983	1376.7
816.357	1381.7
816.731	1357.0
817.105	1311.3
817.479	1270.0
817.853	1305.7
818.227	1497.7
818.601	1506.0
818.975	1413.7
819.350	1694.3
819.724	1729.3
820.098	1390.3
820.472	1184.0
820.846	1140.3
821.221	1121.0
821.595	1084.0
821.969	1095.0
822.343	1099.3
822.718	1080.3
823.092	1064.0
823.466	1063.0
823.841	1074.3
824.215	1084.7
824.589	1057.7
824.964	1101.0
825.338	1114.0
825.713	1287.0
826.087	4982.7
826.462	10518.3
826.836	9929.3
827.211	3661.7
827.585	1655.7
827.960	1300.7
828.334	1161.0
828.709	1129.0
829.083	1121.7
829.458	1108.0
829.833	1106.3
830.207	1093.0
830.582	1100.0
830.957	1091.7
831.331	1090.7
831.706	1093.3
832.081	1057.0
832.455	1066.0
832.830	1037.0
833.205	1052.3
833.580	1074.3
833.954	1064.0
834.329	1051.7
834.704	1077.3
835.079	1054.0
835.454	1061.7
835.829	1046.7
836.203	1057.3
836.578	1037.0
836.953	1052.0
837.328	1040.7
837.703	1068.7
838.078	1060.7
838.453	1052.3
838.828	1093.0
839.203	1101.0
839.578	1111.3
839.953	1178.7
840.328	3033.7
840.703	12939.0
841.078	17021.0
841.454	10629.0
841.829	3869.7
842.204	11582.7
842.579	21790.0
842.954	19400.7
843.329	6190.3
843.704	2261.7
844.080	1590.7
844.455	1388.0
844.830	1282.7
845.205	1266.3
845.581	1244.3
845.956	1271.7
846.331	1252.3
846.707	1232.0
847.082	1219.7
847.457	1199.3
847.833	1177.0
848.208	1155.0
848.584	1157.7
848.959	1104.7
849.334	1101.7
849.710	1111.3
850.085	1098.3
850.461	1058.7
850.836	1091.3
851.212	1108.3
851.587	1343.7
851.963	4038.0
852.338	6643.3
852.714	5660.3
853.090	2328.7
853.465	1344.3
853.841	1141.7
854.216	1094.7
854.592	1082.3
854.968	1081.0
855.343	1027.0
855.719	1036.3
856.095	1044.0
856.471	1057.3
856.846	1054.0
857.222	1009.3
857.598	1032.0
857.974	1049.3
858.349	1003.7
858.725	1015.7
859.101	978.3
859.477	997.0
859.853	972.0
860.229	988.0
860.605	1018.3
860.980	979.7
861.356	1007.0
861.732	1011.3
862.108	996.7
862.484	992.7
862.860	1004.0
863.236	975.7
863.612	943.3
863.988	995.3
864.364	959.3
864.740	979.7
865.116	976.0
865.493	972.7
865.869	986.7
866.245	1021.0
866.621	1390.0
866.997	1906.7
867.373	1876.7
867.749	1353.0
868.126	1088.0
868.502	1024.0
868.878	955.3
869.254	994.7
869.631	975.0
870.007	991.0
870.383	981.0
870.759	986.3
871.136	975.3
871.512	979.7
871.888	970.0
872.265	989.0
872.641	969.3
873.017	985.7
873.394	982.0
873.770	975.3
874.147	980.0
874.523	985.3
874.900	959.7
875.276	968.0
875.653	975.7
876.029	980.7
876.406	988.0
876.782	1009.3
877.159	982.3
877.535	1005.0
877.912	989.3
878.288	998.3
878.665	999.0
879.042	1004.3
879.418	980.0
879.795	1018.7
880.172	1006.3
880.548	1003.3
880.925	1005.3
881.302	1018.3
881.678	993.0
882.055	1005.0
882.432	986.7
882.809	1026.7
883.185	1015.3
883.562	988.7
883.939	988.7
884.316	1002.7
884.693	996.7
885.070	1009.7
885.446	1002.3
885.823	994.3
886.200	980.7
886.577	1017.0
886.954	1013.7
887.331	1000.7
887.708	995.3
888.085	1005.7
888.462	996.7
888.839	1000.3
889.216	1008.0
889.593	984.3
889.970	1004.7
890.347	999.7
890.724	991.7
891.101	1004.3
891.478	992.7
891.855	1012.7
892.232	1009.0
892.610	1029.3
892.987	1015.0
893.364	1008.0
893.741	1010.7
894.118	1030.3
894.495	984.7
894.873	1041.0
895.250	1012.3
895.627	1000.3
896.004	1000.3
896.382	1002.3
896.759	1000.0
897.136	1002.0
897.514	1014.7
897.891	989.3
898.268	989.3
898.646	995.0
899.023	984.0
899.400	1015.3
899.778	991.3
900.155	1006.7
900.533	995.7
900.910	978.0
901.288	974.7
901.665	994.7
902.043	986.3
902.420	993.7
902.798	988.0
903.175	996.7
903.553	996.0
903.930	1011.3
904.308	978.7
904.685	1008.3
905.063	997.7
905.441	1014.7
905.818	993.7
906.196	1018.7
906.573	991.3
906.951	1006.3
907.329	1026.0
907.707	1025.7
908.084	1012.7
908.462	1014.0
908.840	1001.0
909.217	1009.3
909.595	1016.0
909.973	990.7
910.351	1015.7
910.729	1033.7
911.106	1016.0
911.484	1055.7
911.862	1132.0
912.240	1880.7
912.618	4509.7
912.996	6706.0
913.373	5507.0
913.751	2552.7
914.129	1508.3
914.507	1211.3
914.885	1149.0
915.263	1104.3
