186.832	630.7
187.157	938.3
187.483	938.7
187.808	946.3
188.134	953.0
188.459	947.0
188.785	950.0
189.110	938.3
189.436	931.0
189.761	935.7
190.087	930.3
190.413	929.3
190.739	922.7
191.064	946.7
191.390	928.3
191.716	931.3
192.042	951.0
192.368	937.3
192.694	918.7
193.020	921.0
193.346	941.3
193.672	935.0
193.998	927.3
194.324	923.3
194.651	937.3
194.977	928.0
195.303	949.3
195.629	947.3
195.956	909.7
196.282	952.0
196.609	908.7
196.935	924.7
197.261	900.0
197.588	926.0
197.915	920.7
198.241	930.0
198.568	921.7
198.895	929.7
199.221	899.7
199.548	930.0
199.875	932.7
200.202	939.3
200.529	908.3
200.856	944.0
201.182	931.7
201.509	933.7
201.837	925.3
202.164	936.7
202.491	927.7
202.818	944.3
203.145	922.7
203.472	918.7
203.799	932.7
204.127	933.0
204.454	929.7
204.781	911.3
205.109	930.3
205.436	916.0
205.764	902.3
206.091	923.7
206.419	924.0
206.746	935.0
207.074	903.3
207.402	921.0
207.729	918.3
208.057	932.0
208.385	928.3
208.713	928.0
209.041	923.7
209.369	946.0
209.696	901.3
210.024	951.3
210.352	910.0
210.680	951.3
211.009	934.7
211.337	955.3
211.665	925.0
211.993	946.0
212.321	942.0
212.650	935.3
212.978	943.0
213.306	950.3
213.635	928.0
213.963	945.7
214.291	940.0
214.620	946.3
214.948	928.3
215.277	931.7
215.606	936.3
215.934	966.3
216.263	903.7
216.592	936.0
216.920	922.0
217.249	926.7
217.578	945.3
217.907	939.0
218.236	901.0
218.565	952.3
218.894	930.0
219.223	944.3
219.552	937.7
219.881	958.7
220.210	922.0
220.539	928.0
220.868	924.0
221.197	945.3
221.527	935.7
221.856	929.3
222.185	929.0
222.515	943.0
222.844	934.0
223.173	937.7
223.503	951.0
223.832	945.0
224.162	925.7
224.492	964.7
224.821	916.7
225.151	950.7
225.481	932.3
225.810	931.3
226.140	934.3
226.470	935.7
226.800	917.3
227.130	951.0
227.460	925.7
227.790	950.3
228.120	928.0
228.450	937.0
228.780	926.3
229.110	953.7
229.440	942.7
229.770	970.0
230.100	965.3
230.431	974.3
230.761	954.0
231.091	972.0
231.422	947.0
231.752	961.0
232.082	938.0
232.413	965.7
232.743	940.7
233.074	951.0
233.404	935.3
233.735	961.3
234.066	952.3
234.396	969.7
234.727	936.0
235.058	953.7
235.389	951.7
235.719	964.0
236.050	935.3
236.381	971.3
236.712	951.0
237.043	961.0
237.374	963.3
237.705	957.0
238.036	966.3
238.367	984.0
238.699	979.0
239.030	963.3
239.361	956.3
239.692	973.0
240.024	922.3
240.355	948.0
240.686	967.7
241.018	959.3
241.349	933.3
241.681	951.0
242.012	969.0
242.344	988.0
242.675	954.3
243.007	977.7
243.339	998.3
243.670	943.3
244.002	949.3
244.334	948.0
244.666	966.7
244.997	979.3
245.329	966.7
245.661	962.0
245.993	957.3
246.325	974.7
246.657	939.7
246.989	969.3
247.321	975.0
247.654	964.0
247.986	930.7
248.318	963.3
248.650	949.3
248.982	945.7
249.315	947.7
249.647	960.3
249.979	945.3
250.312	951.3
250.644	955.7
250.977	957.0
251.309	940.0
251.642	963.7
251.974	959.7
252.307	961.0
252.640	945.7
252.972	942.7
253.305	938.7
253.638	956.3
253.971	961.0
254.304	961.7
254.637	957.7
254.969	959.3
255.302	960.0
255.635	965.0
255.968	945.7
256.301	959.0
256.635	935.7
256.968	961.7
257.301	954.3
257.634	940.0
257.967	947.0
258.301	952.7
258.634	934.7
258.967	946.0
259.301	971.0
259.634	957.7
259.967	943.0
260.301	938.7
260.634	947.3
260.968	939.7
261.302	938.3
261.635	956.0
261.969	950.0
262.303	931.7
262.636	946.7
262.970	956.0
263.304	930.3
263.638	957.3
263.972	941.3
264.306	954.0
264.639	953.7
264.973	965.0
265.307	930.3
265.642	944.3
265.976	949.7
266.310	954.3
266.644	938.7
266.978	971.0
267.312	946.0
267.647	972.3
267.981	957.7
268.315	970.7
268.650	949.0
268.984	950.7
269.318	956.7
269.653	950.7
269.987	942.3
270.322	970.3
270.656	953.7
270.991	943.3
271.326	937.0
271.660	973.7
271.995	939.7
272.330	943.0
272.665	946.7
272.999	929.7
273.334	946.0
273.669	955.7
274.004	957.7
274.339	955.7
274.674	930.3
275.009	951.0
275.344	934.0
275.679	960.7
276.014	947.7
276.350	954.7
276.685	942.0
277.020	953.3
277.355	966.3
277.691	964.0
278.026	948.3
278.361	971.7
278.697	948.3
279.032	955.3
279.368	953.0
279.703	964.0
280.039	947.3
280.374	952.7
280.710	936.3
281.046	968.0
281.381	940.3
281.717	971.0
282.053	945.0
282.389	950.3
282.724	936.0
283.060	952.3
283.396	919.3
283.732	951.0
284.068	955.3
284.404	926.7
284.740	955.7
285.076	961.7
285.412	949.0
285.748	942.0
286.085	948.7
286.421	968.3
286.757	935.7
287.093	948.0
287.430	960.0
287.766	946.7
288.102	948.3
288.439	940.7
288.775	944.3
289.112	964.0
289.448	920.7
289.785	951.3
290.121	947.3
290.458	942.0
290.795	924.3
291.131	938.0
291.468	946.7
291.805	966.0
292.142	948.3
292.478	958.3
292.815	937.3
293.152	941.7
293.489	928.3
293.826	934.7
294.163	911.3
294.500	933.0
294.837	915.7
295.174	964.3
295.511	938.7
295.849	926.3
296.186	912.3
296.523	944.7
296.860	949.3
297.198	959.7
297.535	923.0
297.872	944.3
298.210	948.3
298.547	950.0
298.885	942.0
299.222	933.0
299.560	935.7
299.897	943.7
300.235	907.7
300.572	943.3
300.910	927.7
301.248	941.7
301.586	924.3
301.923	937.3
302.261	931.0
302.599	960.7
302.937	928.3
303.275	926.7
303.613	916.0
303.951	938.0
304.289	932.7
304.627	943.0
304.965	936.0
305.303	944.7
305.641	934.7
305.979	934.3
306.318	939.3
306.656	957.7
306.994	950.3
307.332	920.7
307.671	929.7
308.009	950.3
308.348	915.0
308.686	951.7
309.025	941.7
309.363	951.3
309.702	945.3
310.040	924.0
310.379	934.0
310.718	947.7
311.056	936.0
311.395	942.0
311.734	919.3
312.072	959.0
312.411	932.0
312.750	930.3
313.089	961.0
313.428	944.0
313.767	923.7
314.106	944.0
314.445	926.0
314.784	928.7
315.123	914.7
315.462	930.3
315.801	940.3
316.141	925.3
316.480	922.7
316.819	923.0
317.158	920.3
317.498	931.7
317.837	920.3
318.176	921.3
318.516	928.0
318.855	934.3
319.195	910.0
319.534	933.0
319.874	932.3
320.213	930.3
320.553	931.0
320.893	938.0
321.232	933.0
321.572	912.7
321.912	932.3
322.252	937.0
322.592	938.7
322.931	928.0
323.271	940.0
323.611	948.3
323.951	930.3
324.291	948.7
324.631	935.3
324.971	921.0
325.311	919.0
325.651	945.3
325.992	925.0
326.332	955.7
326.672	926.3
327.012	938.0
327.353	949.3
327.693	940.3
328.033	929.3
328.374	931.7
328.714	948.3
329.055	943.0
329.395	923.7
329.736	969.7
330.076	928.0
330.417	947.0
330.757	952.3
331.098	964.3
331.439	956.3
331.779	965.7
332.120	944.3
332.461	934.0
332.802	929.7
333.143	939.0
333.483	952.3
333.824	1010.3
334.165	990.7
334.506	1000.7
334.847	978.3
335.188	943.3
335.529	957.7
335.870	941.3
336.212	953.0
336.553	946.0
336.894	934.3
337.235	942.0
337.576	928.0
337.918	956.0
338.259	930.3
338.600	950.7
338.942	947.0
339.283	944.7
339.625	938.7
339.966	940.0
340.308	974.7
340.649	967.7
340.991	933.0
341.333	934.0
341.674	955.0
342.016	924.3
342.358	949.0
342.699	936.3
343.041	953.0
343.383	932.3
343.725	960.0
344.067	961.0
344.409	939.3
344.751	947.7
345.093	960.3
345.435	949.7
345.777	956.7
346.119	968.7
346.461	949.7
346.803	939.0
347.145	953.3
347.488	940.7
347.830	946.0
348.172	941.0
348.514	926.0
348.857	967.3
349.199	941.3
349.541	957.3
349.884	940.3
350.226	945.3
350.569	950.3
350.911	958.7
351.254	932.3
351.597	943.3
351.939	956.7
352.282	943.3
352.625	966.3
352.967	974.3
353.310	957.7
353.653	966.7
353.996	947.0
354.339	968.7
354.681	952.0
355.024	964.0
355.367	953.7
355.710	963.7
356.053	960.3
356.396	967.3
356.739	958.7
357.083	978.3
357.426	977.0
357.769	960.7
358.112	951.0
358.455	941.7
358.799	957.7
359.142	951.0
359.485	955.0
359.829	937.3
360.172	949.0
360.515	975.7
360.859	934.0
361.202	971.3
361.546	981.0
361.889	998.0
362.233	991.7
362.577	1009.7
362.920	1030.7
363.264	1092.7
363.608	1274.7
363.951	2311.3
364.295	5010.7
364.639	9613.7
364.983	12561.0
365.327	10976.7
365.671	6515.7
366.015	3881.0
366.359	3009.3
366.703	2229.0
367.047	1287.0
367.391	1012.0
367.735	978.3
368.079	963.7
368.423	973.7
368.767	962.0
369.111	961.3
369.456	981.0
369.800	956.7
370.144	962.3
370.489	951.7
370.833	951.7
371.177	930.7
371.522	977.0
371.866	954.7
372.211	964.3
372.555	958.7
372.900	953.0
373.245	941.7
373.589	952.7
373.934	929.0
374.279	922.7
374.623	956.3
374.968	956.7
375.313	943.0
375.658	929.7
376.003	947.7
376.347	953.3
376.692	940.0
377.037	935.3
377.382	935.0
377.727	956.3
378.072	941.3
378.417	942.0
378.762	960.7
379.108	979.7
379.453	948.7
379.798	951.3
380.143	913.3
380.488	949.0
380.834	936.7
381.179	944.7
381.524	931.3
381.870	949.0
382.215	931.0
382.561	945.7
382.906	929.7
383.252	972.7
383.597	922.7
383.943	955.7
384.288	928.7
384.634	943.0
384.980	932.7
385.325	942.3
385.671	960.3
386.017	923.7
386.363	947.3
386.708	930.7
387.054	937.3
387.400	953.7
387.746	941.0
388.092	946.7
388.438	939.3
388.784	969.0
389.130	949.7
389.476	941.7
389.822	963.7
390.168	998.0
390.514	1001.3
390.860	979.7
391.207	963.0
391.553	986.7
391.899	946.3
392.246	988.7
392.592	977.7
392.938	986.3
393.285	940.3
393.631	984.3
393.978	976.7
394.324	999.0
394.671	993.0
395.017	974.3
395.364	992.0
395.710	993.7
396.057	985.7
396.404	983.3
396.750	1026.7
397.097	1031.3
397.444	1081.3
397.791	1224.3
398.137	1376.0
398.484	1381.0
398.831	1235.0
399.178	1051.7
399.525	1016.7
399.872	1033.0
400.219	1064.7
400.566	1067.3
400.913	1044.3
401.260	1078.3
401.607	1082.3
401.955	1108.0
402.302	1123.3
402.649	1170.3
402.996	1305.7
403.344	1945.3
403.691	4107.7
404.038	9235.7
404.386	17039.3
404.733	17590.3
405.080	11034.3
405.428	2610.7
405.775	1128.0
406.123	1081.3
406.470	1124.0
406.818	1357.3
407.166	1890.7
407.513	2797.7
407.861	2898.3
408.209	2177.3
408.556	1181.7
408.904	1030.0
409.252	992.3
409.600	996.7
409.948	1009.3
410.296	1003.0
410.643	1012.0
410.991	1006.3
411.339	982.3
411.687	989.3
412.035	972.0
412.383	976.0
412.732	972.3
413.080	975.7
413.428	957.0
413.776	979.3
414.124	974.0
414.473	989.3
414.821	983.0
415.169	993.7
415.517	1003.7
415.866	1009.3
416.214	993.7
416.563	1003.3
416.911	960.7
417.260	973.7
417.608	984.7
417.957	978.7
418.305	976.0
418.654	1021.3
419.002	1013.3
419.351	1031.3
419.700	1041.7
420.049	1049.7
420.397	1020.3
420.746	993.3
421.095	962.7
421.444	987.0
421.793	980.3
422.141	993.7
422.490	999.7
422.839	993.0
423.188	999.0
423.537	1002.3
423.886	1000.3
424.236	996.0
424.585	988.3
424.934	1016.7
425.283	1018.3
425.632	1052.7
425.981	1040.0
426.331	1042.7
426.680	1022.7
427.029	1037.0
427.379	1023.7
427.728	1034.7
428.077	1025.7
428.427	1031.7
428.776	1025.3
429.126	1019.3
429.475	1030.7
429.825	1043.3
430.174	1046.7
430.524	1078.3
430.874	1046.7
431.223	1060.3
431.573	1061.7
431.923	1090.0
432.273	1101.3
432.622	1158.7
432.972	1191.7
433.322	1290.7
433.672	1491.3
434.022	1804.0
434.372	2964.0
434.722	7666.7
435.072	18647.7
435.422	39738.0
435.772	53966.0
436.122	42083.3
436.472	14419.3
436.822	1789.7
437.172	1149.3
437.522	1122.7
437.873	1076.0
438.223	1064.3
438.573	1039.7
438.923	1070.7
439.274	1038.7
439.624	1041.0
439.975	1041.0
440.325	1036.3
440.675	1029.3
441.026	1031.3
441.376	1011.7
441.727	1023.7
442.078	1013.7
442.428	1013.0
442.779	1016.0
443.130	1012.7
443.480	966.3
443.831	990.7
444.182	992.7
444.532	995.3
444.883	987.7
445.234	991.3
445.585	966.7
445.936	982.3
446.287	984.7
446.638	970.7
446.989	967.3
447.340	978.3
447.691	964.3
448.042	984.0
448.393	963.7
448.744	993.3
449.095	961.0
449.446	968.3
449.798	969.0
450.149	1000.7
450.500	985.3
450.851	957.3
451.203	982.7
451.554	984.7
451.905	963.7
452.257	959.3
452.608	975.7
452.960	965.0
453.311	958.3
453.663	950.0
454.014	951.3
454.366	943.7
454.718	967.0
455.069	986.7
455.421	987.0
455.773	962.3
456.124	948.0
456.476	969.7
456.828	984.7
457.180	949.3
457.531	971.0
457.883	990.7
458.235	941.0
458.587	958.0
458.939	971.7
459.291	973.7
459.643	976.3
459.995	972.7
460.347	963.0
460.699	970.0
461.051	960.3
461.404	958.3
461.756	941.3
462.108	955.0
462.460	966.0
462.812	978.7
463.165	977.3
463.517	970.0
463.869	961.3
464.222	982.3
464.574	961.7
464.927	962.0
465.279	959.7
465.632	957.0
465.984	965.3
466.337	977.3
466.689	961.7
467.042	968.0
467.394	981.3
467.747	962.0
468.100	945.3
468.452	974.7
468.805	965.0
469.158	969.3
469.511	961.0
469.864	991.7
470.216	957.3
470.569	956.0
470.922	969.7
471.275	965.3
471.628	959.3
471.981	965.0
472.334	972.7
472.687	963.7
473.040	949.7
473.393	966.0
473.747	969.3
474.100	977.7
474.453	951.0
474.806	944.0
475.159	972.7
475.513	963.0
475.866	958.7
476.219	972.7
476.573	975.3
476.926	946.3
477.279	952.3
477.633	958.0
477.986	967.0
478.340	954.7
478.693	963.7
479.047	967.0
479.400	952.0
479.754	942.7
480.108	955.3
480.461	962.0
480.815	957.7
481.169	950.3
481.522	934.7
481.876	947.7
482.230	943.0
482.584	960.7
482.938	955.0
483.292	951.7
483.646	950.7
483.999	935.7
484.353	942.0
484.707	930.7
485.061	953.0
485.416	948.3
485.770	947.0
486.124	933.0
486.478	931.3
486.832	952.0
487.186	953.0
487.540	954.0
487.895	933.0
488.249	950.7
488.603	959.3
488.957	938.7
489.312	948.7
489.666	950.0
490.021	955.3
490.375	966.7
490.730	989.3
491.084	1052.0
491.439	1072.3
491.793	1093.0
492.148	994.7
492.502	969.7
492.857	957.0
493.211	949.7
493.566	960.7
493.921	961.3
494.276	956.0
494.630	941.7
494.985	946.3
495.340	966.7
495.695	944.3
496.050	938.3
496.405	957.7
496.759	960.7
497.114	949.3
497.469	943.7
497.824	966.0
498.179	945.7
498.534	975.3
498.890	957.3
499.245	948.7
499.600	957.0
499.955	936.7
500.310	950.7
500.665	957.0
501.021	984.0
501.376	959.0
501.731	956.3
502.087	958.3
502.442	973.7
502.797	958.0
503.153	964.7
503.508	948.3
503.864	971.7
504.219	967.7
504.575	944.7
504.930	942.7
505.286	974.3
505.641	953.7
505.997	975.0
506.353	957.3
506.708	963.0
507.064	961.3
507.420	953.0
507.775	943.3
508.131	955.3
508.487	956.7
508.843	951.3
509.199	966.3
509.555	975.7
509.911	958.7
510.266	956.3
510.622	992.7
510.978	971.3
511.334	964.7
511.691	977.0
512.047	965.3
512.403	958.0
512.759	950.3
513.115	978.0
513.471	948.3
513.827	992.7
514.184	948.7
514.540	973.3
514.896	971.3
515.252	976.3
515.609	953.3
515.965	971.7
516.322	965.7
516.678	955.0
517.034	959.3
517.391	968.3
517.747	973.3
518.104	981.0
518.461	970.3
518.817	966.7
519.174	952.0
519.530	968.7
519.887	959.7
520.244	961.0
520.600	979.3
520.957	969.7
521.314	974.3
521.671	960.7
522.027	971.0
522.384	970.3
522.741	963.0
523.098	994.3
523.455	950.3
523.812	962.7
524.169	959.0
524.526	960.0
524.883	980.3
525.240	972.3
525.597	967.3
525.954	973.7
526.311	939.3
526.668	985.7
527.026	957.3
527.383	961.0
527.740	960.7
528.097	988.3
528.455	962.0
528.812	966.3
529.169	956.3
529.527	972.0
529.884	972.0
530.241	982.7
530.599	960.7
530.956	987.0
531.314	969.0
531.671	974.7
532.029	988.7
532.387	964.7
532.744	1000.3
533.102	967.3
533.459	969.3
533.817	976.7
534.175	988.3
534.532	972.0
534.890	984.7
535.248	1008.0
535.606	991.7
535.964	982.0
536.322	987.0
536.679	999.0
537.037	1003.7
537.395	1004.0
537.753	1000.0
538.111	1021.7
538.469	1020.7
538.827	1013.7
539.185	996.0
539.543	1037.0
539.901	1025.0
540.260	1046.0
540.618	1066.3
540.976	1086.7
541.334	1099.7
541.692	1128.7
542.051	1147.7
542.409	1188.0
542.767	1234.0
543.126	1269.3
543.484	1324.3
543.842	1385.7
544.201	1540.0
544.559	2033.7
544.918	5130.0
545.276	15516.0
545.635	29313.7
545.993	41282.0
546.352	31925.3
546.711	13261.7
547.069	2120.7
547.428	1369.3
547.786	1246.7
548.145	1195.0
548.504	1126.0
548.863	1108.3
549.221	1040.7
549.580	1056.0
549.939	1026.3
550.298	1026.3
550.657	1020.7
551.016	993.3
551.375	995.7
551.734	998.3
552.093	997.3
552.452	1020.7
552.811	999.7
553.170	1006.0
553.529	1017.3
553.888	1001.0
554.247	988.3
554.606	959.7
554.965	1013.0
555.324	1014.3
555.684	1015.3
556.043	1005.3
556.402	982.3
556.762	1004.0
557.121	996.7
557.480	988.7
557.840	981.3
558.199	1005.7
558.558	979.3
558.918	993.7
559.277	1015.7
559.637	998.0
559.996	997.7
560.356	1006.3
560.716	995.3
561.075	989.7
561.435	980.3
561.794	1001.3
562.154	975.0
562.514	987.3
562.874	1005.7
563.233	999.7
563.593	984.0
563.953	1013.0
564.313	1002.7
564.673	991.7
565.033	985.3
565.392	994.3
565.752	995.0
566.112	995.7
566.472	1011.7
566.832	985.3
567.192	995.3
567.552	1010.3
567.912	972.3
568.273	971.7
568.633	1001.7
568.993	996.3
569.353	989.7
569.713	984.0
570.073	984.7
570.434	998.3
570.794	1021.3
571.154	1002.0
571.515	994.7
571.875	1021.0
572.235	1000.0
572.596	1003.3
572.956	983.0
573.317	1014.0
573.677	1019.3
574.038	1019.7
574.398	1038.7
574.759	1042.0
575.119	1074.7
575.480	1143.7
575.840	1657.0
576.201	3174.0
576.562	4969.0
576.922	6079.7
577.283	4766.3
577.644	2569.7
578.005	2026.3
578.365	3520.3
578.726	5336.3
579.087	5911.0
579.448	4362.0
579.809	2139.0
580.170	1174.7
580.531	1032.0
580.892	1020.7
581.253	1009.0
581.614	989.0
581.975	1003.3
582.336	977.0
582.697	989.3
583.058	986.0
583.419	1001.3
583.780	981.7
584.141	996.3
584.503	973.3
584.864	994.3
585.225	991.7
585.586	989.7
585.948	987.3
586.309	963.0
586.670	976.7
587.032	975.0
587.393	1003.3
587.754	983.7
588.116	979.0
588.477	981.0
588.839	967.0
589.200	977.0
589.562	991.0
589.923	1001.3
590.285	973.7
590.647	980.3
591.008	985.0
591.370	974.0
591.732	979.7
592.093	982.3
592.455	968.0
592.817	974.0
593.179	966.3
593.540	982.7
593.902	970.0
594.264	980.3
594.626	979.0
594.988	970.7
595.350	952.0
595.712	968.7
596.074	983.0
596.436	956.0
596.798	965.3
597.160	962.0
597.522	973.7
597.884	972.7
598.246	966.7
598.608	983.3
598.970	994.3
599.332	972.0
599.695	1009.0
600.057	982.0
600.419	983.0
600.781	947.0
601.144	980.7
601.506	966.3
601.868	965.3
602.231	978.3
602.593	975.7
602.956	992.3
603.318	1007.0
603.680	971.3
604.043	979.0
604.405	973.0
604.768	972.0
605.131	982.3
605.493	972.0
605.856	990.3
606.218	957.0
606.581	977.3
606.944	972.0
607.306	974.7
607.669	983.7
608.032	969.3
608.395	974.3
608.757	984.7
609.120	966.0
609.483	968.3
609.846	958.0
610.209	974.0
610.572	976.7
610.935	990.3
611.298	985.3
611.661	977.7
612.024	974.7
612.387	977.0
612.750	978.3
613.113	984.7
613.476	984.3
613.839	988.3
614.202	986.3
614.565	1000.7
614.928	974.0
615.292	986.7
615.655	969.7
616.018	994.0
616.381	962.0
616.745	973.7
617.108	952.7
617.471	969.0
617.835	957.3
618.198	971.7
618.562	965.0
618.925	972.7
619.289	957.3
619.652	970.3
620.016	968.3
620.379	970.7
620.743	979.7
621.106	974.0
621.470	987.3
621.833	994.7
622.197	970.3
622.561	948.0
622.924	963.3
623.288	966.7
623.652	976.0
624.016	973.7
624.379	957.7
624.743	965.0
625.107	963.0
625.471	979.0
625.835	971.0
626.199	979.7
626.563	955.0
626.927	983.7
627.291	992.3
627.655	961.0
628.019	956.0
628.383	972.7
628.747	952.3
629.111	976.7
629.475	971.0
629.839	973.3
630.203	970.3
630.567	979.3
630.931	973.7
631.296	975.0
631.660	955.7
632.024	990.0
632.389	965.3
632.753	965.3
633.117	952.3
633.481	980.0
633.846	963.7
634.210	964.3
634.575	969.0
634.939	985.7
635.304	970.0
635.668	949.0
636.033	991.0
636.397	973.3
636.762	966.7
637.126	977.0
637.491	980.7
637.855	967.0
638.220	961.7
638.585	974.3
638.949	966.3
639.314	981.0
639.679	993.0
640.044	970.0
640.408	972.3
640.773	974.3
641.138	970.0
641.503	976.3
641.868	951.3
642.233	988.3
642.598	956.0
642.963	964.3
643.327	939.0
643.692	954.7
644.057	945.0
644.422	973.3
644.788	944.7
645.153	963.0
645.518	940.7
645.883	966.7
646.248	944.3
646.613	968.7
646.978	949.7
647.343	961.0
647.709	953.7
648.074	954.0
648.439	964.7
648.804	951.3
649.170	947.7
649.535	954.3
649.900	952.7
650.266	930.7
650.631	971.3
650.997	958.7
651.362	954.7
651.728	950.3
652.093	958.7
652.459	978.7
652.824	952.7
653.190	955.0
653.555	953.0
653.921	975.7
654.286	978.0
654.652	965.3
655.018	952.3
655.383	964.3
655.749	950.3
656.115	988.3
656.481	978.0
656.846	994.7
657.212	952.0
657.578	947.7
657.944	957.3
658.310	985.7
658.676	964.0
659.041	943.0
659.407	940.0
659.773	953.3
660.139	950.0
660.505	962.7
660.871	955.3
661.237	980.3
661.603	950.3
661.969	958.3
662.336	961.7
662.702	969.0
663.068	956.3
663.434	974.0
663.800	953.7
664.166	969.7
664.533	965.7
664.899	964.7
665.265	977.3
665.631	969.3
665.998	970.3
666.364	964.0
666.730	955.3
667.097	975.0
667.463	981.3
667.830	979.7
668.196	959.7
668.562	955.0
668.929	968.3
669.295	968.0
669.662	958.7
670.028	987.0
670.395	970.3
670.762	960.0
671.128	969.7
671.495	954.3
671.862	998.7
672.228	971.0
672.595	978.7
672.962	967.7
673.328	962.0
673.695	961.7
674.062	969.3
674.429	975.0
674.796	980.3
675.162	1006.7
675.529	972.7
675.896	960.3
676.263	963.7
676.630	956.0
676.997	971.0
677.364	958.3
677.731	975.3
678.098	946.7
678.465	942.0
678.832	959.0
679.199	935.7
679.566	966.0
679.933	954.7
680.300	954.3
680.668	954.7
681.035	976.3
681.402	963.7
681.769	981.3
682.136	976.0
682.504	983.7
682.871	978.3
683.238	1000.0
683.606	963.7
683.973	996.7
684.340	994.3
684.708	988.7
685.075	959.0
685.442	1000.7
685.810	972.3
686.177	968.7
686.545	960.3
686.912	968.0
687.280	1000.7
687.647	981.7
688.015	977.7
688.383	981.3
688.750	975.7
689.118	980.7
689.486	956.7
689.853	980.0
690.221	980.7
690.589	996.0
690.956	1007.0
691.324	992.7
691.692	990.3
692.060	989.0
692.428	985.3
692.795	960.3
693.163	949.0
693.531	980.7
693.899	955.0
694.267	950.0
694.635	977.7
695.003	957.7
695.371	976.3
695.739	1197.0
696.107	1443.0
696.475	1544.3
696.843	1374.7
697.211	1206.3
697.579	1014.7
697.947	975.7
698.316	954.3
698.684	940.7
699.052	966.0
699.420	958.7
699.788	946.7
700.157	963.7
700.525	941.0
700.893	971.0
701.261	958.0
701.630	953.0
701.998	969.7
702.367	973.0
702.735	980.0
703.103	978.3
703.472	975.0
703.840	982.0
704.209	960.7
704.577	955.3
704.946	958.3
705.314	966.3
705.683	995.7
706.051	1227.3
706.420	1415.3
706.789	1468.0
707.157	1259.3
707.526	1140.7
707.895	1001.3
708.263	997.7
708.632	981.0
709.001	985.3
709.369	955.3
709.738	956.0
710.107	955.7
710.476	958.3
710.845	961.0
711.214	987.3
711.582	969.7
711.951	960.3
712.320	971.0
712.689	949.3
713.058	967.0
713.427	962.3
713.796	975.7
714.165	989.0
714.534	999.3
714.903	992.3
715.272	957.3
715.641	956.0
716.011	932.7
716.380	948.0
716.749	967.0
717.118	939.3
717.487	951.0
717.856	969.0
718.226	957.0
718.595	952.7
718.964	953.7
719.333	986.7
719.703	957.0
720.072	957.3
720.441	975.0
720.811	966.3
721.180	954.7
721.550	965.0
721.919	945.7
722.289	958.3
722.658	956.0
723.027	953.0
723.397	950.7
723.767	959.7
724.136	965.0
724.506	960.0
724.875	953.0
725.245	953.0
725.614	977.0
725.984	942.0
726.354	1001.0
726.723	1059.7
727.093	1118.7
727.463	1117.7
727.833	1042.0
728.202	1016.0
728.572	958.3
728.942	975.0
729.312	977.7
729.682	987.0
730.051	984.0
730.421	995.7
730.791	971.3
731.161	963.3
731.531	974.3
731.901	982.7
732.271	983.7
732.641	988.3
733.011	971.7
733.381	952.3
733.751	963.7
734.121	974.0
734.491	979.0
734.861	952.7
735.232	964.3
735.602	989.0
735.972	951.3
736.342	961.3
736.712	971.3
737.082	957.0
737.453	1030.7
737.823	1579.7
738.193	1957.7
738.564	1905.7
738.934	1447.7
739.304	1156.3
739.675	1024.0
740.045	1004.0
740.415	982.3
740.786	957.7
741.156	972.3
741.527	956.7
741.897	981.3
742.268	966.3
742.638	984.0
743.009	966.3
743.379	945.7
743.750	970.7
744.120	968.7
744.491	968.7
744.862	958.3
745.232	956.7
745.603	957.7
745.974	951.7
746.344	971.0
746.715	959.0
747.086	973.7
747.457	960.0
747.827	940.0
748.198	948.7
748.569	962.3
748.940	963.7
749.311	978.3
749.681	1235.3
750.052	1685.0
750.423	1882.7
750.794	1824.0
751.165	2023.0
751.536	2046.7
751.907	1558.3
752.278	1193.3
752.649	1014.0
753.020	990.3
753.391	984.0
753.762	983.0
754.133	972.7
754.504	972.3
754.876	960.0
755.247	957.3
755.618	972.7
755.989	944.7
756.360	957.3
756.731	956.0
757.103	952.7
757.474	947.0
757.845	951.7
758.217	926.3
758.588	946.0
758.959	960.3
759.331	955.7
759.702	945.3
760.073	965.7
760.445	971.7
760.816	933.0
761.188	956.3
761.559	962.7
761.931	952.7
762.302	987.7
762.674	1326.0
763.045	3434.3
763.417	4913.0
763.788	4110.3
764.160	2172.0
764.531	1305.0
764.903	1095.7
765.275	1043.3
765.646	1036.7
766.018	1026.0
766.390	1007.7
766.761	990.7
767.133	991.7
767.505	991.7
767.877	1002.0
768.248	981.7
768.620	954.3
768.992	972.0
769.364	967.7
769.736	953.3
770.108	974.0
770.480	980.7
770.851	970.3
771.223	966.3
771.595	1097.7
771.967	1853.0
772.339	2394.7
772.711	2067.3
773.083	1335.0
773.455	1102.0
773.827	1023.7
774.200	1024.0
774.572	994.0
774.944	988.0
775.316	1008.3
775.688	1015.7
776.060	979.0
776.432	985.3
776.805	961.0
777.177	1006.3
777.549	1016.0
777.921	993.3
778.294	966.3
778.666	996.7
779.038	984.3
779.410	972.7
779.783	983.0
780.155	993.3
780.528	969.0
780.900	1008.7
781.272	965.0
781.645	986.3
782.017	955.3
782.390	963.7
782.762	981.3
783.135	973.0
783.507	991.7
783.880	995.7
784.252	984.7
784.625	992.0
784.998	982.3
785.370	1004.0
785.743	1005.7
786.115	986.0
786.488	982.3
786.861	1001.3
787.233	989.7
787.606	998.0
787.979	1019.0
788.352	999.3
788.724	991.7
789.097	980.7
789.470	978.7
789.843	1000.7
790.216	998.3
790.589	1010.0
790.961	972.3
791.334	994.7
791.707	993.7
792.080	983.0
792.453	1002.0
792.826	981.0
793.199	999.7
793.572	984.3
793.945	1012.0
794.318	1420.7
794.691	2020.0
795.064	2006.3
795.437	1333.3
795.810	1086.3
796.183	1035.7
796.557	1018.0
796.930	994.3
797.303	981.0
797.676	1002.7
798.049	1001.0
798.422	996.0
798.796	982.3
799.169	1009.3
799.542	1002.3
799.915	1048.3
800.289	1391.3
800.662	1550.3
801.035	1899.0
801.409	2149.0
801.782	1995.3
802.156	1337.0
802.529	1097.0
802.902	1050.3
803.276	1025.7
803.649	986.0
804.023	991.7
804.396	1001.7
804.770	1025.0
805.143	1010.0
805.517	992.0
805.890	1000.7
806.264	999.0
806.638	979.7
807.011	977.0
807.385	967.0
807.758	981.7
808.132	993.0
808.506	993.0
808.879	989.7
809.253	1006.3
809.627	1057.7
810.001	1751.0
810.374	2316.7
810.748	2208.3
811.122	3246.0
811.496	5147.0
811.870	4726.7
812.243	2059.0
812.617	1271.0
812.991	1120.3
813.365	1110.3
813.739	1064.7
814.113	1030.7
814.487	1025.0
814.861	1006.7
815.235	1030.7
815.609	1006.7
815.983	1008.0
816.357	1028.0
816.731	1025.7
817.105	1032.0
817.479	1009.7
817.853	1020.7
818.227	1018.7
818.601	1030.7
818.975	1019.7
819.350	1016.7
819.724	998.7
820.098	988.3
820.472	1005.3
820.846	1009.0
821.221	1024.7
821.595	990.7
821.969	999.7
822.343	1008.0
822.718	1006.0
823.092	991.7
823.466	1009.0
823.841	1014.0
824.215	1008.7
824.589	987.7
824.964	1022.3
825.338	998.7
825.713	1007.3
826.087	1273.3
826.462	1593.7
826.836	1530.0
827.211	1139.0
827.585	1041.7
827.960	1012.0
828.334	966.3
828.709	999.7
829.083	983.3
829.458	989.7
829.833	993.3
830.207	993.7
830.582	997.0
830.957	1009.0
831.331	1001.3
831.706	992.7
832.081	991.7
832.455	1001.0
832.830	979.7
833.205	975.3
833.580	1005.0
833.954	1009.7
834.329	985.7
834.704	1013.7
835.079	994.0
835.454	1009.0
835.829	991.7
836.203	1006.7
836.578	977.7
836.953	1003.7
837.328	991.3
837.703	1017.3
838.078	993.0
838.453	974.7
838.828	1018.3
839.203	997.0
839.578	997.7
839.953	994.0
840.328	1117.0
840.703	1769.3
841.078	1998.0
841.454	1535.3
841.829	1189.0
842.204	1717.0
842.579	2350.3
842.954	2115.3
843.329	1276.0
843.704	1085.3
844.080	1031.7
844.455	997.0
844.830	1003.0
845.205	1028.7
845.581	1001.7
845.956	1021.0
846.331	1018.3
846.707	1002.7
847.082	1003.3
847.457	1014.0
847.833	1006.3
848.208	1003.3
848.584	1005.3
848.959	995.7
849.334	1000.7
849.710	1017.7
850.085	1007.0
850.461	993.3
850.836	1001.7
851.212	1010.3
851.587	1005.0
851.963	1203.3
852.338	1326.7
852.714	1292.7
853.090	1072.0
853.465	1024.0
853.841	998.7
854.216	991.7
854.592	993.7
854.968	1001.0
855.343	969.3
855.719	972.3
856.095	985.7
856.471	994.7
856.846	997.0
857.222	946.0
857.598	979.0
857.974	989.3
858.349	964.7
858.725	974.7
859.101	950.0
859.477	969.7
859.853	939.0
860.229	959.3
860.605	971.7
860.980	936.3
861.356	970.3
861.732	986.7
862.108	966.0
862.484	953.3
862.860	970.0
863.236	954.0
863.612	930.0
863.988	968.3
864.364	949.3
864.740	956.3
865.116	971.0
865.493	954.3
865.869	965.7
866.245	965.0
866.621	978.7
866.997	1021.7
867.373	988.7
867.749	1000.3
868.126	982.0
868.502	969.3
868.878	930.3
869.254	960.0
869.631	966.0
870.007	974.7
870.383	960.0
870.759	964.7
871.136	960.7
871.512	957.7
871.888	953.0
872.265	965.3
872.641	957.7
873.017	957.7
873.394	967.7
873.770	958.7
874.147	952.3
874.523	981.0
874.900	957.3
875.276	955.7
875.653	960.7
876.029	966.0
876.406	962.7
876.782	978.3
877.159	962.3
877.535	986.7
877.912	969.7
878.288	981.0
878.665	977.7
879.042	994.7
879.418	978.7
879.795	1000.0
880.172	984.7
880.548	998.0
880.925	987.3
881.302	1000.0
881.678	981.7
882.055	997.7
882.432	982.3
882.809	1020.0
883.185	1010.3
883.562	974.0
883.939	987.7
884.316	985.7
884.693	986.3
885.070	989.3
885.446	995.0
885.823	988.0
886.200	962.7
886.577	1001.7
886.954	1001.0
887.331	987.3
887.708	987.0
888.085	977.7
888.462	992.0
888.839	992.7
889.216	994.0
889.593	982.7
889.970	994.7
890.347	986.0
890.724	981.3
891.101	1000.7
891.478	993.0
891.855	1009.3
892.232	995.3
892.610	1016.7
892.987	996.3
893.364	1003.7
893.741	1000.0
894.118	1019.0
894.495	988.0
894.873	1033.7
895.250	997.7
895.627	993.3
896.004	994.3
896.382	985.7
896.759	1008.0
897.136	987.7
897.514	1003.3
897.891	979.3
898.268	982.3
898.646	986.7
899.023	987.3
899.400	1004.0
899.778	981.7
900.155	1005.7
900.533	986.0
900.910	981.3
901.288	985.0
901.665	979.7
902.043	977.3
902.420	979.0
902.798	962.3
903.175	975.0
903.553	981.7
903.930	998.3
904.308	972.0
904.685	1000.0
905.063	988.3
905.441	995.0
905.818	988.3
906.196	1005.7
906.573	988.0
906.951	986.0
907.329	1004.0
907.707	1011.0
908.084	994.7
908.462	979.0
908.840	983.7
909.217	993.0
909.595	1005.7
909.973	972.0
910.351	996.3
910.729	1029.3
911.106	998.7
911.484	1013.7
911.862	988.7
912.240	1069.0
912.618	1245.0
912.996	1377.3
913.373	1285.7
913.751	1070.3
914.129	1028.3
914.507	1010.7
914.885	1018.0
915.263	1024.0
