186.832	621.3
187.157	929.0
187.483	924.7
187.808	949.7
188.134	939.3
188.459	938.3
188.785	933.7
189.110	930.7
189.436	925.3
189.761	935.7
190.087	925.0
190.413	928.0
190.739	919.0
191.064	935.3
191.390	913.3
191.716	926.3
192.042	946.0
192.368	939.3
192.694	925.0
193.020	918.3
193.346	940.0
193.672	930.3
193.998	919.7
194.324	914.7
194.651	935.7
194.977	926.0
195.303	944.3
195.629	940.7
195.956	919.7
196.282	948.0
196.609	915.3
196.935	927.0
197.261	923.7
197.588	932.0
197.915	920.0
198.241	936.7
198.568	922.0
198.895	935.3
199.221	913.0
199.548	930.3
199.875	937.7
200.202	934.3
200.529	898.7
200.856	933.7
201.182	922.7
201.509	930.0
201.837	916.7
202.164	941.0
202.491	932.3
202.818	931.0
203.145	911.7
203.472	928.0
203.799	923.7
204.127	928.0
204.454	933.3
204.781	909.0
205.109	926.0
205.436	913.3
205.764	902.7
206.091	922.3
206.419	918.7
206.746	934.3
207.074	913.0
207.402	929.3
207.729	905.3
208.057	928.3
208.385	928.7
208.713	928.7
209.041	923.0
209.369	946.3
209.696	909.7
210.024	945.7
210.352	909.3
210.680	943.3
211.009	939.3
211.337	946.0
211.665	928.7
211.993	944.3
212.321	942.3
212.650	948.0
212.978	948.3
213.306	951.7
213.635	916.7
213.963	936.7
214.291	941.7
214.620	943.3
214.948	928.0
215.277	932.0
215.606	935.0
215.934	964.7
216.263	908.0
216.592	930.7
216.920	919.3
217.249	928.0
217.578	918.3
217.907	933.3
218.236	911.0
218.565	940.7
218.894	915.7
219.223	934.3
219.552	927.0
219.881	958.7
220.210	916.0
220.539	920.3
220.868	910.3
221.197	943.7
221.527	927.7
221.856	928.7
222.185	919.0
222.515	928.0
222.844	923.7
223.173	933.3
223.503	952.0
223.832	940.7
224.162	933.3
224.492	961.0
224.821	908.7
225.151	938.3
225.481	923.0
225.810	923.3
226.140	920.3
226.470	933.0
226.800	909.7
227.130	943.0
227.460	927.0
227.790	945.3
228.120	921.7
228.450	926.3
228.780	914.7
229.110	950.0
229.440	938.3
229.770	967.0
230.100	951.7
230.431	965.7
230.761	947.7
231.091	960.0
231.422	941.7
231.752	951.7
232.082	935.3
232.413	950.7
232.743	932.3
233.074	945.7
233.404	937.3
233.735	964.7
234.066	940.7
234.396	963.0
234.727	935.7
235.058	950.0
235.389	951.3
235.719	956.0
236.050	934.3
236.381	964.7
236.712	939.7
237.043	950.7
237.374	951.0
237.705	958.7
238.036	956.3
238.367	977.3
238.699	972.3
239.030	955.7
239.361	938.0
239.692	966.0
240.024	915.7
240.355	937.0
240.686	944.0
241.018	946.3
241.349	931.0
241.681	940.3
242.012	954.0
242.344	976.7
242.675	950.7
243.007	971.0
243.339	970.0
243.670	943.3
244.002	940.7
244.334	938.3
244.666	965.3
244.997	969.7
245.329	955.7
245.661	961.3
245.993	948.3
246.325	978.7
246.657	943.3
246.989	961.0
247.321	961.3
247.654	953.0
247.986	927.0
248.318	961.7
248.650	928.0
248.982	955.7
249.315	940.7
249.647	956.7
249.979	932.0
250.312	939.7
250.644	949.3
250.977	948.0
251.309	934.3
251.642	949.7
251.974	946.3
252.307	935.3
252.640	940.3
252.972	946.0
253.305	932.7
253.638	945.7
253.971	965.7
254.304	955.7
254.637	960.7
254.969	946.3
255.302	960.7
255.635	954.7
255.968	935.3
256.301	950.3
256.635	933.0
256.968	955.0
257.301	937.3
257.634	932.0
257.967	933.0
258.301	935.3
258.634	932.7
258.967	935.7
259.301	948.0
259.634	951.0
259.967	932.0
260.301	930.7
260.634	930.0
260.968	934.7
261.302	928.0
261.635	953.7
261.969	933.7
262.303	924.3
262.636	944.3
262.970	942.0
263.304	921.0
263.638	953.3
263.972	928.7
264.306	946.0
264.639	950.0
264.973	953.3
265.307	929.3
265.642	937.0
265.976	945.0
266.310	948.0
266.644	930.0
266.978	965.0
267.312	936.3
267.647	961.7
267.981	955.3
268.315	969.3
268.650	920.3
268.984	938.0
269.318	951.7
269.653	950.3
269.987	933.7
270.322	952.7
270.656	944.3
270.991	930.3
271.326	927.7
271.660	962.7
271.995	931.7
272.330	943.0
272.665	944.3
272.999	943.7
273.334	943.0
273.669	953.3
274.004	945.7
274.339	950.3
274.674	914.3
275.009	932.7
275.344	929.7
275.679	940.7
276.014	933.7
276.350	952.7
276.685	950.7
277.020	950.0
277.355	955.3
277.691	957.3
278.026	946.0
278.361	969.3
278.697	936.3
279.032	942.0
279.368	954.0
279.703	956.7
280.039	946.3
280.374	951.3
280.710	944.0
281.046	960.7
281.381	932.3
281.717	953.0
282.053	936.7
282.389	942.3
282.724	927.3
283.060	942.7
283.396	925.7
283.732	946.0
284.068	947.0
284.404	919.7
284.740	949.3
285.076	968.3
285.412	941.3
285.748	936.3
286.085	929.3
286.421	955.3
286.757	923.7
287.093	935.7
287.430	958.0
287.766	942.7
288.102	943.0
288.439	942.3
288.775	945.7
289.112	953.3
289.448	913.7
289.785	945.0
290.121	940.0
290.458	935.0
290.795	929.3
291.131	929.0
291.468	942.0
291.805	956.7
292.142	940.0
292.478	956.3
292.815	933.7
293.152	941.7
293.489	926.7
293.826	932.7
294.163	919.7
294.500	935.7
294.837	926.0
295.174	963.0
295.511	936.0
295.849	934.0
296.186	923.7
296.523	949.7
296.860	953.0
297.198	976.3
297.535	931.0
297.872	964.7
298.210	951.3
298.547	954.7
298.885	953.0
299.222	945.7
299.560	933.7
299.897	959.3
300.235	933.7
300.572	951.3
300.910	937.7
301.248	953.0
301.586	944.3
301.923	955.0
302.261	955.7
302.599	982.3
302.937	952.7
303.275	953.0
303.613	948.0
303.951	965.3
304.289	955.7
304.627	967.0
304.965	953.3
305.303	965.3
305.641	964.7
305.979	946.3
306.318	960.3
306.656	981.3
306.994	970.7
307.332	953.7
307.671	966.0
308.009	981.7
308.348	940.7
308.686	965.3
309.025	969.0
309.363	993.7
309.702	979.7
310.040	962.0
310.379	972.3
310.718	992.3
311.056	974.0
311.395	988.7
311.734	941.0
312.072	997.3
312.411	961.3
312.750	982.3
313.089	997.7
313.428	1006.3
313.767	972.0
314.106	995.0
314.445	971.7
314.784	975.3
315.123	958.7
315.462	984.0
315.801	993.7
316.141	974.7
316.480	990.0
316.819	991.0
317.158	973.0
317.498	999.0
317.837	983.3
318.176	986.7
318.516	1003.7
318.855	1001.3
319.195	993.3
319.534	1006.7
319.874	1015.3
320.213	1016.7
320.553	1021.0
320.893	1027.0
321.232	1018.3
321.572	1001.7
321.912	1027.3
322.252	1030.7
322.592	1041.7
322.931	1034.3
323.271	1034.7
323.611	1059.0
323.951	1043.0
324.291	1047.3
324.631	1052.3
324.971	1050.7
325.311	1031.3
325.651	1067.7
325.992	1087.3
326.332	1092.0
326.672	1042.0
327.012	1072.0
327.353	1087.7
327.693	1085.0
328.033	1093.0
328.374	1058.7
328.714	1085.0
329.055	1094.3
329.395	1088.3
329.736	1114.7
330.076	1082.0
330.417	1112.7
330.757	1117.3
331.098	1121.7
331.439	1115.3
331.779	1114.3
332.120	1086.7
332.461	1084.7
332.802	1088.0
333.143	1088.0
333.483	1097.3
333.824	1126.3
334.165	1100.7
334.506	1133.7
334.847	1115.7
335.188	1100.7
335.529	1115.3
335.870	1093.3
336.212	1106.0
336.553	1097.7
336.894	1092.3
337.235	1088.0
337.576	1078.0
337.918	1120.0
338.259	1097.0
338.600	1117.3
338.942	1116.7
339.283	1141.3
339.625	1134.7
339.966	1142.0
340.308	1181.0
340.649	1144.0
340.991	1122.0
341.333	1133.7
341.674	1146.7
342.016	1119.7
342.358	1157.0
342.699	1137.7
343.041	1154.3
343.383	1162.7
343.725	1171.0
344.067	1178.7
344.409	1145.3
344.751	1142.0
345.093	1148.3
345.435	1130.3
345.777	1129.3
346.119	1148.7
346.461	1110.0
346.803	1104.7
347.145	1139.3
347.488	1115.0
347.830	1119.7
348.172	1122.3
348.514	1112.7
348.857	1138.3
349.199	1101.3
349.541	1122.3
349.884	1099.3
350.226	1109.3
350.569	1105.7
350.911	1125.0
351.254	1094.3
351.597	1110.3
351.939	1107.0
352.282	1094.3
352.625	1115.3
352.967	1119.3
353.310	1090.3
353.653	1118.0
353.996	1114.0
354.339	1115.7
354.681	1106.7
355.024	1118.7
355.367	1108.3
355.710	1119.0
356.053	1112.7
356.396	1107.0
356.739	1092.0
357.083	1133.3
357.426	1094.0
357.769	1115.3
358.112	1091.7
358.455	1104.7
358.799	1088.3
359.142	1097.3
359.485	1106.3
359.829	1083.0
360.172	1089.7
360.515	1106.3
360.859	1056.3
361.202	1093.3
361.546	1094.3
361.889	1117.0
362.233	1098.3
362.577	1105.7
362.920	1100.7
363.264	1100.3
363.608	1099.0
363.951	1103.7
364.295	1107.0
364.639	1142.7
364.983	1109.3
365.327	1135.7
365.671	1128.3
366.015	1144.7
366.359	1168.7
366.703	1145.7
367.047	1152.0
367.391	1168.3
367.735	1152.0
368.079	1169.0
368.423	1139.7
368.767	1149.3
369.111	1141.7
369.456	1177.7
369.800	1155.3
370.144	1165.3
370.489	1154.3
370.833	1137.3
371.177	1156.7
371.522	1199.3
371.866	1172.3
372.211	1199.7
372.555	1185.7
372.900	1162.7
373.245	1168.7
373.589	1181.3
373.934	1149.7
374.279	1164.7
374.623	1185.7
374.968	1184.3
375.313	1167.7
375.658	1161.7
376.003	1194.7
376.347	1198.7
376.692	1182.0
377.037	1167.7
377.382	1156.7
377.727	1196.7
378.072	1173.0
378.417	1179.0
378.762	1174.0
379.108	1218.7
379.453	1187.3
379.798	1204.7
380.143	1157.0
380.488	1171.0
380.834	1161.0
381.179	1182.0
381.524	1142.3
381.870	1167.3
382.215	1169.3
382.561	1199.3
382.906	1166.3
383.252	1204.0
383.597	1158.3
383.943	1189.7
384.288	1141.3
384.634	1159.3
384.980	1148.7
385.325	1144.0
385.671	1153.0
386.017	1162.0
386.363	1163.3
386.708	1148.7
387.054	1161.0
387.400	1176.3
387.746	1156.0
388.092	1169.7
388.438	1173.3
388.784	1200.7
389.130	1174.7
389.476	1127.7
389.822	1135.3
390.168	1166.3
390.514	1151.3
390.860	1148.0
391.207	1135.3
391.553	1145.3
391.899	1131.7
392.246	1173.3
392.592	1158.3
392.938	1148.7
393.285	1110.7
393.631	1140.7
393.978	1140.3
394.324	1146.0
394.671	1151.3
395.017	1141.0
395.364	1131.7
395.710	1143.0
396.057	1161.3
396.404	1182.0
396.750	1241.7
397.097	1239.7
397.444	1199.7
397.791	1155.3
398.137	1138.3
398.484	1140.7
398.831	1140.7
399.178	1133.3
399.525	1122.0
399.872	1128.7
400.219	1129.7
400.566	1172.0
400.913	1114.3
401.260	1147.0
401.607	1136.3
401.955	1145.3
402.302	1136.3
402.649	1145.3
402.996	1119.0
403.344	1111.0
403.691	1151.0
404.038	1154.0
404.386	1139.7
404.733	1148.7
405.080	1132.0
405.428	1133.7
405.775	1142.3
406.123	1152.3
406.470	1147.0
406.818	1161.0
407.166	1156.0
407.513	1136.7
407.861	1143.3
408.209	1137.7
408.556	1147.7
408.904	1203.3
409.252	1221.3
409.600	1354.0
409.948	1531.0
410.296	1446.3
410.643	1322.7
410.991	1176.3
411.339	1153.3
411.687	1142.0
412.035	1124.3
412.383	1152.0
412.732	1130.0
413.080	1162.3
413.428	1126.7
413.776	1159.0
414.124	1143.0
414.473	1172.7
414.821	1146.7
415.169	1161.7
415.517	1146.7
415.866	1147.3
416.214	1134.3
416.563	1160.7
416.911	1142.0
417.260	1163.0
417.608	1183.0
417.957	1152.3
418.305	1141.7
418.654	1152.3
419.002	1155.0
419.351	1154.3
419.700	1156.0
420.049	1150.7
420.397	1148.7
420.746	1162.3
421.095	1138.0
421.444	1174.7
421.793	1168.7
422.141	1172.3
422.490	1178.3
422.839	1154.3
423.188	1164.7
423.537	1186.7
423.886	1163.3
424.236	1157.3
424.585	1134.7
424.934	1152.0
425.283	1149.3
425.632	1165.0
425.981	1139.3
426.331	1155.3
426.680	1123.3
427.029	1154.7
427.379	1152.7
427.728	1190.3
428.077	1150.7
428.427	1149.7
428.776	1138.0
429.126	1138.0
429.475	1129.7
429.825	1144.3
430.174	1146.3
430.524	1207.0
430.874	1148.0
431.223	1137.0
431.573	1123.0
431.923	1139.0
432.273	1140.3
432.622	1193.0
432.972	1414.3
433.322	1933.3
433.672	2898.7
434.022	3089.3
434.372	2361.7
434.722	1412.3
435.072	1158.0
435.422	1158.0
435.772	1124.0
436.122	1144.0
436.472	1125.0
436.822	1119.7
437.172	1117.7
437.522	1128.3
437.873	1136.0
438.223	1131.7
438.573	1117.0
438.923	1137.0
439.274	1132.3
439.624	1114.7
439.975	1127.7
440.325	1115.7
440.675	1144.0
441.026	1183.7
441.376	1172.3
441.727	1189.7
442.078	1158.0
442.428	1143.7
442.779	1146.3
443.130	1146.3
443.480	1106.7
443.831	1115.7
444.182	1131.0
444.532	1166.0
444.883	1159.7
445.234	1160.7
445.585	1138.3
445.936	1155.0
446.287	1162.7
446.638	1139.0
446.989	1133.7
447.340	1132.3
447.691	1117.0
448.042	1145.3
448.393	1131.3
448.744	1164.7
449.095	1116.7
449.446	1135.0
449.798	1126.0
450.149	1123.7
450.500	1125.7
450.851	1077.7
451.203	1102.7
451.554	1095.3
451.905	1095.0
452.257	1076.7
452.608	1111.7
452.960	1106.3
453.311	1091.3
453.663	1088.7
454.014	1084.7
454.366	1069.0
454.718	1077.0
455.069	1095.7
455.421	1086.7
455.773	1073.0
456.124	1058.3
456.476	1091.3
456.828	1102.7
457.180	1098.0
457.531	1099.0
457.883	1121.0
458.235	1072.0
458.587	1089.7
458.939	1081.3
459.291	1073.3
459.643	1089.0
459.995	1076.3
460.347	1060.7
460.699	1073.7
461.051	1067.7
461.404	1055.7
461.756	1040.0
462.108	1051.7
462.460	1074.0
462.812	1102.3
463.165	1104.7
463.517	1104.3
463.869	1095.0
464.222	1096.7
464.574	1089.7
464.927	1076.7
465.279	1076.0
465.632	1074.3
465.984	1064.0
466.337	1063.0
466.689	1056.3
467.042	1063.0
467.394	1070.3
467.747	1056.0
468.100	1039.0
468.452	1070.7
468.805	1068.0
469.158	1053.0
469.511	1028.7
469.864	1069.0
470.216	1037.3
470.569	1035.3
470.922	1039.7
471.275	1047.7
471.628	1046.0
471.981	1036.0
472.334	1048.7
472.687	1060.7
473.040	1034.7
473.393	1039.3
473.747	1057.3
474.100	1061.0
474.453	1046.7
474.806	1038.7
475.159	1059.3
475.513	1050.3
475.866	1047.7
476.219	1063.0
476.573	1060.0
476.926	1027.7
477.279	1050.3
477.633	1056.0
477.986	1080.3
478.340	1052.3
478.693	1071.3
479.047	1043.7
479.400	1050.0
479.754	1053.0
480.108	1053.0
480.461	1065.3
480.815	1058.3
481.169	1060.7
481.522	1068.3
481.876	1069.3
482.230	1060.3
482.584	1090.3
482.938	1095.3
483.292	1099.7
483.646	1128.0
483.999	1151.0
484.353	1206.0
484.707	1445.3
485.061	2542.3
485.416	5249.3
485.770	10453.0
486.124	11100.0
486.478	7428.3
486.832	2153.7
487.186	1160.7
487.540	1094.7
487.895	1073.3
488.249	1069.3
488.603	1075.3
488.957	1052.7
489.312	1056.3
489.666	1073.3
490.021	1070.3
490.375	1079.7
490.730	1073.7
491.084	1069.0
491.439	1018.7
491.793	1056.0
492.148	1050.3
492.502	1081.0
492.857	1092.0
493.211	1077.7
493.566	1094.3
493.921	1062.0
494.276	1047.3
494.630	1039.0
494.985	1034.7
495.340	1030.7
495.695	1024.0
496.050	1038.3
496.405	1050.3
496.759	1067.7
497.114	1050.7
497.469	1023.0
497.824	1041.7
498.179	1051.7
498.534	1064.0
498.890	1050.3
499.245	1048.3
499.600	1044.3
499.955	1031.0
500.310	1031.7
500.665	1051.7
501.021	1094.3
501.376	1051.0
501.731	1056.0
502.087	1049.3
502.442	1058.7
502.797	1030.7
503.153	1038.3
503.508	1024.7
503.864	1052.3
504.219	1036.3
504.575	1027.3
504.930	1007.3
505.286	1052.7
505.641	1040.7
505.997	1047.7
506.353	1043.7
506.708	1032.7
507.064	1033.3
507.420	1023.7
507.775	1017.3
508.131	1033.0
508.487	1032.7
508.843	1015.3
509.199	1025.0
509.555	1027.7
509.911	1019.3
510.266	1033.0
510.622	1047.3
510.978	1045.7
511.334	1034.7
511.691	1040.7
512.047	1031.7
512.403	1020.3
512.759	1002.7
513.115	1034.3
513.471	1018.0
513.827	1047.7
514.184	1014.0
514.540	1034.7
514.896	1036.3
515.252	1045.3
515.609	1015.3
515.965	1041.0
516.322	1000.0
516.678	1020.0
517.034	1010.3
517.391	1024.0
517.747	1029.0
518.104	1034.0
518.461	1017.3
518.817	1009.7
519.174	1007.3
519.530	1016.3
519.887	1027.3
520.244	1014.0
520.600	1016.3
520.957	1010.7
521.314	1009.0
521.671	990.7
522.027	1018.3
522.384	1001.3
522.741	1002.3
523.098	1037.0
523.455	987.7
523.812	999.0
524.169	992.0
524.526	1002.0
524.883	1024.0
525.240	1010.7
525.597	1007.0
525.954	1022.3
526.311	985.0
526.668	1020.7
527.026	1018.7
527.383	1006.7
527.740	997.0
528.097	1010.3
528.455	996.0
528.812	987.7
529.169	983.0
529.527	989.3
529.884	991.3
530.241	1015.3
530.599	989.0
530.956	1007.7
531.314	994.3
531.671	993.3
532.029	1011.7
532.387	996.3
532.744	1017.0
533.102	992.0
533.459	992.7
533.817	999.3
534.175	1011.3
534.532	995.0
534.890	1005.3
535.248	1028.3
535.606	1008.7
535.964	1001.0
536.322	988.3
536.679	1013.3
537.037	1011.3
537.395	992.7
537.753	1004.0
538.111	1021.7
538.469	1008.7
538.827	1003.3
539.185	1001.0
539.543	1023.0
539.901	1010.0
540.260	994.0
540.618	977.0
540.976	1006.0
541.334	981.0
541.692	1024.0
542.051	1025.0
542.409	1009.0
542.767	1001.3
543.126	984.0
543.484	997.0
543.842	1009.3
544.201	1008.7
544.559	1027.3
544.918	1001.0
545.276	995.7
545.635	980.7
545.993	1024.0
546.352	974.7
546.711	983.0
547.069	989.7
547.428	1003.7
547.786	1010.7
548.145	1010.7
548.504	1015.3
548.863	1016.0
549.221	974.0
549.580	992.7
549.939	989.0
550.298	994.7
550.657	999.0
551.016	981.7
551.375	992.3
551.734	989.3
552.093	988.7
552.452	999.7
552.811	994.0
553.170	1002.3
553.529	1023.3
553.888	1028.0
554.247	998.3
554.606	976.3
554.965	1024.0
555.324	1011.7
555.684	1013.7
556.043	996.3
556.402	1000.3
556.762	1007.0
557.121	1001.0
557.480	1016.3
557.840	1001.0
558.199	1016.7
558.558	997.0
558.918	1016.0
559.277	1024.7
559.637	1013.3
559.996	1022.0
560.356	1021.3
560.716	1026.0
561.075	1015.3
561.435	999.7
561.794	1027.3
562.154	1013.3
562.514	1012.0
562.874	1018.7
563.233	1022.3
563.593	1019.7
563.953	1037.3
564.313	1024.0
564.673	1022.7
565.033	1013.0
565.392	1024.0
565.752	1023.7
566.112	1044.3
566.472	1059.3
566.832	1034.0
567.192	1054.7
567.552	1064.7
567.912	1021.7
568.273	1049.0
568.633	1083.3
568.993	1092.0
569.353	1076.3
569.713	1089.0
570.073	1082.7
570.434	1077.7
570.794	1088.0
571.154	1099.3
571.515	1075.7
571.875	1100.3
572.235	1095.0
572.596	1094.0
572.956	1092.0
573.317	1123.7
573.677	1125.3
574.038	1109.0
574.398	1086.7
574.759	1090.7
575.119	1111.3
575.480	1126.0
575.840	1128.7
576.201	1142.0
576.562	1142.3
576.922	1142.7
577.283	1156.0
577.644	1117.3
578.005	1137.7
578.365	1143.7
578.726	1119.0
579.087	1132.3
579.448	1135.0
579.809	1164.3
580.170	1213.0
580.531	1165.0
580.892	1200.7
581.253	1249.7
581.614	1270.3
581.975	1253.7
582.336	1174.0
582.697	1122.3
583.058	1099.3
583.419	1110.0
583.780	1129.3
584.141	1145.3
584.503	1114.7
584.864	1129.3
585.225	1128.0
585.586	1116.0
585.948	1120.0
586.309	1074.3
586.670	1088.0
587.032	1112.3
587.393	1144.0
587.754	1154.7
588.116	1157.0
588.477	1161.3
588.839	1115.0
589.200	1097.0
589.562	1078.0
589.923	1078.0
590.285	1055.0
590.647	1082.0
591.008	1072.7
591.370	1099.0
591.732	1100.3
592.093	1125.0
592.455	1124.7
592.817	1144.3
593.179	1180.3
593.540	1193.3
593.902	1148.7
594.264	1174.0
594.626	1172.3
594.988	1173.3
595.350	1136.7
595.712	1144.7
596.074	1140.3
596.436	1117.3
596.798	1119.0
597.160	1123.3
597.522	1163.7
597.884	1137.3
598.246	1110.0
598.608	1114.7
598.970	1105.3
599.332	1095.0
599.695	1138.0
600.057	1136.7
600.419	1169.3
600.781	1173.3
601.144	1194.7
601.506	1208.0
601.868	1205.3
602.231	1208.7
602.593	1195.3
602.956	1197.7
603.318	1202.0
603.680	1137.3
604.043	1116.7
604.405	1097.7
604.768	1102.3
605.131	1131.3
605.493	1096.7
605.856	1105.7
606.218	1064.7
606.581	1122.7
606.944	1129.0
607.306	1114.7
607.669	1114.7
608.032	1112.0
608.395	1117.3
608.757	1147.0
609.120	1102.3
609.483	1121.0
609.846	1099.0
610.209	1117.7
610.572	1093.0
610.935	1106.0
611.298	1114.3
611.661	1107.3
612.024	1115.0
612.387	1105.7
612.750	1102.7
613.113	1113.3
613.476	1116.7
613.839	1117.3
614.202	1090.0
614.565	1099.0
614.928	1060.3
615.292	1072.7
615.655	1085.3
616.018	1073.0
616.381	1039.3
616.745	1084.0
617.108	1058.0
617.471	1073.7
617.835	1040.3
618.198	1055.3
618.562	1024.3
618.925	1059.3
619.289	1070.7
619.652	1106.3
620.016	1069.3
620.379	1068.7
620.743	1043.7
621.106	1019.7
621.470	1025.3
621.833	1059.7
622.197	1075.7
622.561	1061.3
622.924	1066.7
623.288	1050.7
623.652	1042.3
624.016	1041.7
624.379	1012.3
624.743	1019.0
625.107	999.7
625.471	1015.3
625.835	1016.3
626.199	1053.0
626.563	1005.7
626.927	1031.3
627.291	1069.3
627.655	1023.3
628.019	1008.3
628.383	1028.0
628.747	1005.7
629.111	1012.0
629.475	1020.0
629.839	1028.7
630.203	998.7
630.567	1022.0
630.931	1003.3
631.296	1005.3
631.660	991.0
632.024	1020.3
632.389	1006.0
632.753	1009.0
633.117	1004.7
633.481	1007.7
633.846	983.7
634.210	991.3
634.575	992.3
634.939	1010.3
635.304	994.7
635.668	992.3
636.033	1029.3
636.397	1005.7
636.762	994.3
637.126	1026.0
637.491	1018.3
637.855	996.7
638.220	992.3
638.585	980.3
638.949	980.7
639.314	1001.3
639.679	1010.3
640.044	998.3
640.408	995.0
640.773	993.0
641.138	985.7
641.503	991.7
641.868	962.3
642.233	1006.7
642.598	976.3
642.963	974.3
643.327	970.0
643.692	994.3
644.057	972.0
644.422	986.7
644.788	968.3
645.153	1008.7
645.518	976.0
645.883	994.3
646.248	989.0
646.613	1008.7
646.978	994.0
647.343	995.7
647.709	1002.7
648.074	1004.7
648.439	1009.7
648.804	992.3
649.170	1000.0
649.535	1000.7
649.900	1012.0
650.266	1022.7
650.631	1050.3
650.997	1043.3
651.362	1069.7
651.728	1070.7
652.093	1087.7
652.459	1128.7
652.824	1162.3
653.190	1224.0
653.555	1316.3
653.921	1451.3
654.286	1549.3
654.652	1894.3
655.018	4129.3
655.383	20175.7
655.749	42086.0
656.115	51180.7
656.481	43623.3
656.846	26850.3
657.212	8216.7
657.578	2273.7
657.944	1610.3
658.310	1487.7
658.676	1391.3
659.041	1293.7
659.407	1246.3
659.773	1220.0
660.139	1189.0
660.505	1147.7
660.871	1104.0
661.237	1106.3
661.603	1054.3
661.969	1038.7
662.336	1024.3
662.702	1050.0
663.068	1022.0
663.434	1028.0
663.800	1007.0
664.166	1022.0
664.533	997.7
664.899	999.7
665.265	1004.3
665.631	1001.0
665.998	1015.3
666.364	1001.0
666.730	976.0
667.097	988.0
667.463	986.7
667.830	990.7
668.196	967.3
668.562	979.0
668.929	1003.3
669.295	992.0
669.662	984.7
670.028	1018.3
670.395	991.7
670.762	975.0
671.128	989.0
671.495	994.0
671.862	1000.7
672.228	994.7
672.595	989.3
672.962	990.0
673.328	973.0
673.695	969.7
674.062	979.7
674.429	981.3
674.796	974.7
675.162	1001.3
675.529	968.3
675.896	963.3
676.263	975.0
676.630	954.7
676.997	990.3
677.364	955.7
677.731	982.7
678.098	962.7
678.465	944.0
678.832	957.7
679.199	943.0
679.566	976.0
679.933	954.7
680.300	954.0
680.668	967.0
681.035	980.7
681.402	957.0
681.769	987.3
682.136	968.3
682.504	980.3
682.871	972.7
683.238	997.7
683.606	969.3
683.973	996.0
684.340	995.7
684.708	998.7
685.075	965.0
685.442	1000.0
685.810	986.0
686.177	963.7
686.545	962.7
686.912	966.3
687.280	988.3
687.647	984.3
688.015	980.0
688.383	986.3
688.750	973.0
689.118	991.0
689.486	968.3
689.853	981.3
690.221	971.3
690.589	973.0
690.956	987.7
691.324	977.0
691.692	978.0
692.060	985.7
692.428	979.3
692.795	962.7
693.163	950.7
693.531	973.3
693.899	953.7
694.267	948.3
694.635	975.7
695.003	955.7
695.371	952.3
695.739	974.7
696.107	965.0
696.475	960.7
696.843	941.3
697.211	949.3
697.579	946.3
697.947	950.3
698.316	945.0
698.684	935.0
699.052	965.3
699.420	949.3
699.788	947.7
700.157	955.7
700.525	943.0
700.893	960.7
701.261	968.0
701.630	943.3
701.998	962.0
702.367	951.7
702.735	976.7
703.103	967.7
703.472	969.7
703.840	977.7
704.209	965.3
704.577	965.3
704.946	950.0
705.314	976.3
705.683	961.7
706.051	972.0
706.420	979.0
706.789	990.3
707.157	956.3
707.526	981.7
707.895	950.3
708.263	972.7
708.632	967.7
709.001	964.7
709.369	939.0
709.738	941.0
710.107	950.7
710.476	953.7
710.845	970.0
711.214	988.7
711.582	962.0
711.951	967.3
712.320	964.7
712.689	952.7
713.058	975.7
713.427	979.0
713.796	959.7
714.165	943.0
714.534	942.0
714.903	951.7
715.272	932.0
715.641	939.7
716.011	941.0
716.380	940.3
716.749	966.3
717.118	936.7
717.487	945.0
717.856	972.3
718.226	963.7
718.595	964.3
718.964	954.0
719.333	981.7
719.703	964.7
720.072	954.3
720.441	958.7
720.811	960.7
721.180	963.7
721.550	966.7
721.919	944.0
722.289	962.0
722.658	955.0
723.027	955.0
723.397	965.7
723.767	975.3
724.136	985.0
724.506	970.3
724.875	961.0
725.245	968.7
725.614	984.3
725.984	957.7
726.354	999.0
726.723	969.7
727.093	965.3
727.463	984.3
727.833	969.0
728.202	992.3
728.572	962.7
728.942	985.0
729.312	991.3
729.682	988.3
730.051	991.3
730.421	1002.3
730.791	980.0
731.161	975.0
731.531	981.3
731.901	983.7
732.271	988.7
732.641	988.7
733.011	969.3
733.381	956.3
733.751	970.0
734.121	968.7
734.491	979.7
734.861	968.3
735.232	982.3
735.602	988.3
735.972	969.7
736.342	955.3
736.712	964.0
737.082	924.3
737.453	931.7
737.823	969.7
738.193	947.7
738.564	952.0
738.934	963.0
739.304	958.0
739.675	965.7
740.045	979.3
740.415	964.3
740.786	943.3
741.156	955.3
741.527	946.7
741.897	964.3
742.268	956.0
742.638	970.0
743.009	960.7
743.379	941.3
743.750	964.0
744.120	957.7
744.491	964.7
744.862	963.3
745.232	959.7
745.603	950.7
745.974	944.3
746.344	971.7
746.715	951.7
747.086	966.7
747.457	956.3
747.827	934.3
748.198	949.0
748.569	955.0
748.940	956.0
749.311	959.7
749.681	959.7
750.052	962.0
750.423	964.3
750.794	918.7
751.165	949.7
751.536	957.7
751.907	958.7
752.278	959.3
752.649	943.7
753.020	947.3
753.391	971.3
753.762	986.0
754.133	959.3
754.504	969.0
754.876	954.7
755.247	944.3
755.618	969.0
755.989	947.7
756.360	940.0
756.731	943.3
757.103	957.0
757.474	952.7
757.845	958.0
758.217	937.7
758.588	954.0
758.959	968.3
759.331	955.3
759.702	951.7
760.073	967.0
760.445	969.3
760.816	923.7
761.188	955.0
761.559	957.0
761.931	939.7
762.302	959.3
762.674	956.0
763.045	964.3
763.417	944.3
763.788	973.0
764.160	940.7
764.531	942.7
764.903	961.7
765.275	961.0
765.646	965.7
766.018	990.0
766.390	969.3
766.761	966.0
767.133	957.0
767.505	955.0
767.877	988.7
768.248	968.7
768.620	957.3
768.992	977.3
769.364	967.3
769.736	959.3
770.108	969.3
770.480	973.3
770.851	952.0
771.223	953.7
771.595	959.0
771.967	968.0
772.339	940.3
772.711	968.7
773.083	949.0
773.455	980.7
773.827	982.7
774.200	975.0
774.572	957.3
774.944	970.3
775.316	972.0
775.688	986.3
776.060	965.7
776.432	969.0
776.805	948.0
777.177	993.0
777.549	1003.0
777.921	969.0
778.294	958.7
778.666	985.0
779.038	986.3
779.410	968.7
779.783	984.0
780.155	990.0
780.528	961.3
780.900	1006.0
781.272	968.3
781.645	975.7
782.017	955.3
782.390	972.0
782.762	986.7
783.135	975.3
783.507	982.0
783.880	1001.3
784.252	978.3
784.625	979.7
784.998	973.0
785.370	983.0
785.743	1000.3
786.115	970.7
786.488	982.7
786.861	990.0
787.233	974.7
787.606	972.3
787.979	1005.0
788.352	988.0
788.724	983.3
789.097	982.3
789.470	973.7
789.843	992.7
790.216	983.0
790.589	1004.0
790.961	956.3
791.334	980.7
791.707	986.7
792.080	975.7
792.453	989.3
792.826	978.3
793.199	990.3
793.572	974.7
793.945	994.7
794.318	977.7
794.691	995.3
795.064	1016.0
795.437	983.0
795.810	987.7
796.183	990.3
796.557	994.0
796.930	986.3
797.303	969.0
797.676	982.7
798.049	981.7
798.422	984.0
798.796	983.7
799.169	994.7
799.542	987.0
799.915	979.7
800.289	1001.0
800.662	966.7
801.035	984.7
801.409	984.3
801.782	989.3
802.156	1008.3
802.529	1012.0
802.902	994.0
803.276	993.0
803.649	949.3
804.023	971.0
804.396	963.7
804.770	995.0
805.143	995.3
805.517	979.0
805.890	982.3
806.264	981.7
806.638	977.7
807.011	958.3
807.385	954.0
807.758	964.3
808.132	961.0
808.506	978.0
808.879	965.3
809.253	983.3
809.627	979.0
810.001	998.0
810.374	979.7
810.748	1002.7
811.122	990.3
811.496	1009.0
811.870	985.7
812.243	1008.7
812.617	985.7
812.991	993.3
813.365	1025.7
813.739	994.7
814.113	992.0
814.487	980.3
814.861	976.3
815.235	993.3
815.609	983.0
815.983	983.0
816.357	989.0
816.731	1000.3
817.105	999.0
817.479	995.0
817.853	983.3
818.227	992.0
818.601	1009.7
818.975	1012.3
819.350	999.0
819.724	977.7
820.098	982.0
820.472	990.3
820.846	993.7
821.221	999.3
821.595	977.3
821.969	987.7
822.343	992.3
822.718	984.0
823.092	981.7
823.466	995.3
823.841	998.0
824.215	995.3
824.589	972.3
824.964	1017.3
825.338	973.0
825.713	979.0
826.087	980.3
826.462	996.0
826.836	963.7
827.211	978.7
827.585	995.0
827.960	983.7
828.334	948.7
828.709	984.0
829.083	973.0
829.458	978.0
829.833	991.3
830.207	990.0
830.582	985.0
830.957	998.0
831.331	989.0
831.706	989.0
832.081	986.3
832.455	985.3
832.830	977.3
833.205	973.0
833.580	980.3
833.954	1004.3
834.329	989.3
834.704	1001.7
835.079	991.0
835.454	999.0
835.829	976.0
836.203	999.3
836.578	969.3
836.953	986.3
837.328	981.7
837.703	1008.0
838.078	972.7
838.453	969.3
838.828	999.7
839.203	995.3
839.578	985.7
839.953	968.3
840.328	979.0
840.703	1005.0
841.078	977.7
841.454	994.3
841.829	999.3
842.204	989.3
842.579	992.3
842.954	1000.7
843.329	976.3
843.704	986.3
844.080	989.0
844.455	970.7
844.830	978.3
845.205	1005.0
845.581	981.3
845.956	1007.0
846.331	990.3
846.707	985.3
847.082	994.0
847.457	996.3
847.833	987.7
848.208	987.0
848.584	1003.7
848.959	977.3
849.334	981.7
849.710	995.3
850.085	990.0
850.461	968.0
850.836	992.3
851.212	996.0
851.587	980.7
851.963	986.7
852.338	990.7
852.714	1004.0
853.090	983.0
853.465	995.7
853.841	982.0
854.216	981.7
854.592	987.0
854.968	1001.0
855.343	963.3
855.719	967.0
856.095	976.3
856.471	975.7
856.846	982.7
857.222	936.7
857.598	966.0
857.974	960.7
858.349	956.7
858.725	966.0
859.101	936.0
859.477	952.3
859.853	930.0
860.229	940.7
860.605	954.0
860.980	923.3
861.356	955.7
861.732	948.3
862.108	951.0
862.484	942.7
862.860	973.7
863.236	944.0
863.612	917.3
863.988	953.7
864.364	931.7
864.740	938.3
865.116	944.3
865.493	940.7
865.869	952.7
866.245	947.3
866.621	948.0
866.997	946.7
867.373	934.3
867.749	965.0
868.126	958.0
868.502	952.7
868.878	919.3
869.254	943.7
869.631	936.3
870.007	957.3
870.383	945.3
870.759	950.7
871.136	949.7
871.512	942.7
871.888	932.7
872.265	943.7
872.641	946.3
873.017	969.0
873.394	957.0
873.770	959.3
874.147	939.7
874.523	962.7
874.900	944.0
875.276	939.0
875.653	947.0
876.029	960.3
876.406	961.7
876.782	970.7
877.159	934.0
877.535	984.0
877.912	960.0
878.288	975.0
878.665	964.3
879.042	971.7
879.418	961.7
879.795	1003.0
880.172	983.0
880.548	988.7
880.925	980.0
881.302	999.7
881.678	998.3
882.055	991.3
882.432	969.0
882.809	1010.0
883.185	984.3
883.562	982.3
883.939	969.3
884.316	969.3
884.693	976.3
885.070	985.3
885.446	988.7
885.823	984.7
886.200	960.3
886.577	1002.0
886.954	998.3
887.331	968.0
887.708	973.0
888.085	988.7
888.462	986.3
888.839	996.3
889.216	994.0
889.593	981.7
889.970	996.0
890.347	989.0
890.724	982.7
891.101	1003.0
891.478	987.0
891.855	1005.3
892.232	992.0
892.610	1003.0
892.987	986.0
893.364	986.0
893.741	992.3
894.118	1012.0
894.495	975.3
894.873	1024.0
895.250	997.3
895.627	987.3
896.004	995.3
896.382	983.7
896.759	996.0
897.136	983.0
897.514	994.3
897.891	970.7
898.268	976.0
898.646	967.3
899.023	970.3
899.400	1001.0
899.778	975.3
900.155	1001.0
900.533	976.3
900.910	964.0
901.288	958.7
901.665	984.0
902.043	978.3
902.420	989.3
902.798	964.3
903.175	976.7
903.553	970.7
903.930	985.0
904.308	974.0
904.685	983.0
905.063	986.3
905.441	992.0
905.818	982.7
906.196	1006.0
906.573	968.3
906.951	977.0
907.329	984.7
907.707	1007.0
908.084	980.3
908.462	988.7
908.840	971.7
909.217	980.0
909.595	993.0
909.973	966.0
910.351	985.7
910.729	995.7
911.106	998.7
911.484	1003.3
911.862	970.0
912.240	1006.7
912.618	1021.7
912.996	1012.0
913.373	998.7
913.751	972.7
914.129	992.0
914.507	989.3
914.885	1004.3
915.263	1020.3
