186.832	892.0
187.157	1111.3
187.483	1110.0
187.808	1143.7
188.134	1134.0
188.459	1119.3
188.785	1141.7
189.110	1124.7
189.436	1111.0
189.761	1117.3
190.087	1121.0
190.413	1109.0
190.739	1111.0
191.064	1125.7
191.390	1106.7
191.716	1106.3
192.042	1131.3
192.368	1120.0
192.694	1106.7
193.020	1122.7
193.346	1129.7
193.672	1119.0
193.998	1110.0
194.324	1109.7
194.651	1132.7
194.977	1121.3
195.303	1136.7
195.629	1129.7
195.956	1095.0
196.282	1137.3
196.609	1110.7
196.935	1105.0
197.261	1108.7
197.588	1125.7
197.915	1105.0
198.241	1121.0
198.568	1118.7
198.895	1124.7
199.221	1098.0
199.548	1125.0
199.875	1129.3
200.202	1120.7
200.529	1092.0
200.856	1128.7
201.182	1118.3
201.509	1111.3
201.837	1105.7
202.164	1121.3
202.491	1109.0
202.818	1130.7
203.145	1116.0
203.472	1100.7
203.799	1111.0
204.127	1124.3
204.454	1113.7
204.781	1115.0
205.109	1115.0
205.436	1095.3
205.764	1102.7
206.091	1116.7
206.419	1104.7
206.746	1114.3
207.074	1092.7
207.402	1103.7
207.729	1094.3
208.057	1115.3
208.385	1098.3
208.713	1097.0
209.041	1092.3
209.369	1140.0
209.696	1094.0
210.024	1126.3
210.352	1087.3
210.680	1123.7
211.009	1113.7
211.337	1122.3
211.665	1112.7
211.993	1137.3
212.321	1118.7
212.650	1126.0
212.978	1122.3
213.306	1127.0
213.635	1107.0
213.963	1130.3
214.291	1124.0
214.620	1126.3
214.948	1111.7
215.277	1105.0
215.606	1108.7
215.934	1150.3
216.263	1095.7
216.592	1107.3
216.920	1117.3
217.249	1097.3
217.578	1096.0
217.907	1116.0
218.236	1105.0
218.565	1129.3
218.894	1094.7
219.223	1118.7
219.552	1112.7
219.881	1136.3
220.210	1082.7
220.539	1099.3
220.868	1092.3
221.197	1131.0
221.527	1104.7
221.856	1098.7
222.185	1117.3
222.515	1119.0
222.844	1097.3
223.173	1128.3
223.503	1140.3
223.832	1122.3
224.162	1131.7
224.492	1135.0
224.821	1100.0
225.151	1125.0
225.481	1112.0
225.810	1105.7
226.140	1106.7
226.470	1128.3
226.800	1103.7
227.130	1123.7
227.460	1107.3
227.790	1128.3
228.120	1097.3
228.450	1110.0
228.780	1095.3
229.110	1133.7
229.440	1131.3
229.770	1156.0
230.100	1131.0
230.431	1141.3
230.761	1138.3
231.091	1143.7
231.422	1136.3
231.752	1135.7
232.082	1125.0
232.413	1151.3
232.743	1129.0
233.074	1137.3
233.404	1123.3
233.735	1154.7
234.066	1142.3
234.396	1161.7
234.727	1139.0
235.058	1150.7
235.389	1138.3
235.719	1147.0
236.050	1130.7
236.381	1152.7
236.712	1136.0
237.043	1139.7
237.374	1137.3
237.705	1144.7
238.036	1144.7
238.367	1145.3
238.699	1167.7
239.030	1153.7
239.361	1134.0
239.692	1157.3
240.024	1094.3
240.355	1124.0
240.686	1135.7
241.018	1144.3
241.349	1116.0
241.681	1149.7
242.012	1142.7
242.344	1154.3
242.675	1129.0
243.007	1146.0
243.339	1171.0
243.670	1118.0
244.002	1126.7
244.334	1127.0
244.666	1154.3
244.997	1167.3
245.329	1159.7
245.661	1149.3
245.993	1140.3
246.325	1165.0
246.657	1125.7
246.989	1140.3
247.321	1162.3
247.654	1138.0
247.986	1108.3
248.318	1159.3
248.650	1124.7
248.982	1144.7
249.315	1129.3
249.647	1149.3
249.979	1129.7
250.312	1142.3
250.644	1145.0
250.977	1140.3
251.309	1125.7
251.642	1154.3
251.974	1149.3
252.307	1131.3
252.640	1138.7
252.972	1143.7
253.305	1128.0
253.638	1142.7
253.971	1155.7
254.304	1172.7
254.637	1149.3
254.969	1150.0
255.302	1141.7
255.635	1153.7
255.968	1141.3
256.301	1150.7
256.635	1133.0
256.968	1135.0
257.301	1137.3
257.634	1124.3
257.967	1131.7
258.301	1142.7
258.634	1116.0
258.967	1129.3
259.301	1154.3
259.634	1140.3
259.967	1139.3
260.301	1120.3
260.634	1114.0
260.968	1130.7
261.302	1114.7
261.635	1148.3
261.969	1125.0
262.303	1110.7
262.636	1124.3
262.970	1137.7
263.304	1105.3
263.638	1136.3
263.972	1129.7
264.306	1143.7
264.639	1147.0
264.973	1146.3
265.307	1111.7
265.642	1136.0
265.976	1133.3
266.310	1137.3
266.644	1123.0
266.978	1154.3
267.312	1129.7
267.647	1142.7
267.981	1149.0
268.315	1151.7
268.650	1127.7
268.984	1123.3
269.318	1162.0
269.653	1136.0
269.987	1131.0
270.322	1145.7
270.656	1147.3
270.991	1112.7
271.326	1100.3
271.660	1153.7
271.995	1139.0
272.330	1148.7
272.665	1134.0
272.999	1123.3
273.334	1143.7
273.669	1154.3
274.004	1142.0
274.339	1151.0
274.674	1131.0
275.009	1149.7
275.344	1123.0
275.679	1140.3
276.014	1135.7
276.350	1155.0
276.685	1154.0
277.020	1140.3
277.355	1173.7
277.691	1170.3
278.026	1141.7
278.361	1175.3
278.697	1149.0
279.032	1147.7
279.368	1168.7
279.703	1164.7
280.039	1154.3
280.374	1161.3
280.710	1133.0
281.046	1156.7
281.381	1133.3
281.717	1160.3
282.053	1141.7
282.389	1159.0
282.724	1127.3
283.060	1152.0
283.396	1136.3
283.732	1157.0
284.068	1150.0
284.404	1133.7
284.740	1146.0
285.076	1159.7
285.412	1153.3
285.748	1148.7
286.085	1135.3
286.421	1166.7
286.757	1127.0
287.093	1144.7
287.430	1156.7
287.766	1145.0
288.102	1144.3
288.439	1129.0
288.775	1143.0
289.112	1173.3
289.448	1118.3
289.785	1164.7
290.121	1151.0
290.458	1147.7
290.795	1163.3
291.131	1129.7
291.468	1166.7
291.805	1178.7
292.142	1153.0
292.478	1179.3
292.815	1166.3
293.152	1160.7
293.489	1162.7
293.826	1160.0
294.163	1157.0
294.500	1175.0
294.837	1148.0
295.174	1202.7
295.511	1167.3
295.849	1174.0
296.186	1156.7
296.523	1199.7
296.860	1199.7
297.198	1221.0
297.535	1172.7
297.872	1205.0
298.210	1208.3
298.547	1208.3
298.885	1215.7
299.222	1218.0
299.560	1187.3
299.897	1207.7
300.235	1202.7
300.572	1225.0
300.910	1199.7
301.248	1226.7
301.586	1209.0
301.923	1207.7
302.261	1218.0
302.599	1238.0
302.937	1222.3
303.275	1228.0
303.613	1205.0
303.951	1228.3
304.289	1228.7
304.627	1241.7
304.965	1238.7
305.303	1236.3
305.641	1242.0
305.979	1227.3
306.318	1240.3
306.656	1248.7
306.994	1257.3
307.332	1222.0
307.671	1237.3
308.009	1264.0
308.348	1221.3
308.686	1266.7
309.025	1241.3
309.363	1259.7
309.702	1256.0
310.040	1243.0
310.379	1238.0
310.718	1275.7
311.056	1240.0
311.395	1267.0
311.734	1229.7
312.072	1282.3
312.411	1244.7
312.750	1253.7
313.089	1303.7
313.428	1303.7
313.767	1248.0
314.106	1278.0
314.445	1281.3
314.784	1276.7
315.123	1257.0
315.462	1292.0
315.801	1290.3
316.141	1295.0
316.480	1271.3
316.819	1293.0
317.158	1301.7
317.498	1297.0
317.837	1296.3
318.176	1312.3
318.516	1312.7
318.855	1318.0
319.195	1320.0
319.534	1314.7
319.874	1343.0
320.213	1346.7
320.553	1364.0
320.893	1347.0
321.232	1360.3
321.572	1350.7
321.912	1387.0
322.252	1402.0
322.592	1393.7
322.931	1382.3
323.271	1409.7
323.611	1422.3
323.951	1429.7
324.291	1448.3
324.631	1443.3
324.971	1448.3
325.311	1465.0
325.651	1479.0
325.992	1490.0
326.332	1492.0
326.672	1474.0
327.012	1504.0
327.353	1507.7
327.693	1532.7
328.033	1531.3
328.374	1518.7
328.714	1539.7
329.055	1558.7
329.395	1533.7
329.736	1578.7
330.076	1565.3
330.417	1614.3
330.757	1607.0
331.098	1579.7
331.439	1631.3
331.779	1626.7
332.120	1611.0
332.461	1600.7
332.802	1573.3
333.143	1581.3
333.483	1602.0
333.824	1621.0
334.165	1611.3
334.506	1627.7
334.847	1632.3
335.188	1618.3
335.529	1668.7
335.870	1634.0
336.212	1639.3
336.553	1630.0
336.894	1604.3
337.235	1618.7
337.576	1597.3
337.918	1634.0
338.259	1662.3
338.600	1662.3
338.942	1683.0
339.283	1713.0
339.625	1745.0
339.966	1760.0
340.308	1803.3
340.649	1826.7
340.991	1789.7
341.333	1835.7
341.674	1863.0
342.016	1857.0
342.358	1893.7
342.699	1896.0
343.041	1926.7
343.383	1924.3
343.725	1941.7
344.067	1978.3
344.409	1927.7
344.751	1905.3
345.093	1887.3
345.435	1875.0
345.777	1849.0
346.119	1876.3
346.461	1858.0
346.803	1864.3
347.145	1908.3
347.488	1868.0
347.830	1906.3
348.172	1913.3
348.514	1873.0
348.857	1887.0
349.199	1886.7
349.541	1952.0
349.884	1925.0
350.226	1968.3
350.569	1932.0
350.911	1938.7
351.254	1940.0
351.597	1946.7
351.939	1965.3
352.282	1941.3
352.625	1983.7
352.967	1992.7
353.310	1995.3
353.653	2016.0
353.996	1998.7
354.339	2054.0
354.681	2018.0
355.024	2021.3
355.367	2046.7
355.710	2045.7
356.053	2071.0
356.396	2105.3
356.739	2077.3
357.083	2101.3
357.426	2158.3
357.769	2153.0
358.112	2136.0
358.455	2148.0
358.799	2168.0
359.142	2182.0
359.485	2189.3
359.829	2195.7
360.172	2185.7
360.515	2280.7
360.859	2253.3
361.202	2287.3
361.546	2325.3
361.889	2368.7
362.233	2389.3
362.577	2388.0
362.920	2418.0
363.264	2408.3
363.608	2460.0
363.951	2482.0
364.295	2529.0
364.639	2560.3
364.983	2533.3
365.327	2627.3
365.671	2609.3
366.015	2660.3
366.359	2701.0
366.703	2742.7
367.047	2751.3
367.391	2777.3
367.735	2789.3
368.079	2831.0
368.423	2852.3
368.767	2873.0
369.111	2911.3
369.456	3002.0
369.800	2997.3
370.144	2994.0
370.489	3074.0
370.833	3088.7
371.177	3089.7
371.522	3203.0
371.866	3163.0
372.211	3232.0
372.555	3284.3
372.900	3306.7
373.245	3281.0
373.589	3341.0
373.934	3388.0
374.279	3436.7
374.623	3445.3
374.968	3512.7
375.313	3528.3
375.658	3519.0
376.003	3572.0
376.347	3535.7
376.692	3607.3
377.037	3611.3
377.382	3652.0
377.727	3696.3
378.072	3744.7
378.417	3725.3
378.762	3769.0
379.108	3810.0
379.453	3834.3
379.798	3829.3
380.143	3831.0
380.488	3894.0
380.834	3869.0
381.179	3966.7
381.524	3889.3
381.870	3984.7
382.215	3939.7
382.561	4059.3
382.906	4048.7
383.252	4052.0
383.597	3960.3
383.943	4070.0
384.288	4028.0
384.634	4081.0
384.980	4123.7
385.325	4110.7
385.671	4151.0
386.017	4128.0
386.363	4106.0
386.708	4137.3
387.054	4154.3
387.400	4153.3
387.746	4140.3
388.092	4225.0
388.438	4162.3
388.784	4267.3
389.130	4134.7
389.476	4218.0
389.822	4210.3
390.168	4283.3
390.514	4285.7
390.860	4285.0
391.207	4309.3
391.553	4350.7
391.899	4291.0
392.246	4340.0
392.592	4321.0
392.938	4332.7
393.285	4383.3
393.631	4417.0
393.978	4420.7
394.324	4485.0
394.671	4471.0
395.017	4523.3
395.364	4512.0
395.710	4496.7
396.057	4565.7
396.404	4565.3
396.750	4567.7
397.097	4638.7
397.444	4657.7
397.791	4749.0
398.137	4682.7
398.484	4707.3
398.831	4790.3
399.178	4761.0
399.525	4806.0
399.872	4864.7
400.219	4958.3
400.566	4986.3
400.913	4955.3
401.260	5049.3
401.607	5136.7
401.955	5182.7
402.302	5139.3
402.649	5237.7
402.996	5248.3
403.344	5256.7
403.691	5304.7
404.038	5335.3
404.386	5375.0
404.733	5485.7
405.080	5516.0
405.428	5566.0
405.775	5643.0
406.123	5710.3
406.470	5745.0
406.818	5795.3
407.166	5827.3
407.513	5864.3
407.861	5943.7
408.209	6049.3
408.556	6162.7
408.904	6233.7
409.252	6213.7
409.600	6334.3
409.948	6395.3
410.296	6454.3
410.643	6584.0
410.991	6658.3
411.339	6675.7
411.687	6786.7
412.035	6840.3
412.383	6965.0
412.732	7013.7
413.080	7048.0
413.428	7090.7
413.776	7229.3
414.124	7291.0
414.473	7475.7
414.821	7480.3
415.169	7584.7
415.517	7595.0
415.866	7703.3
416.214	7841.0
416.563	7892.0
416.911	7961.0
417.260	7998.3
417.608	8175.3
417.957	8250.0
418.305	8336.3
418.654	8373.7
419.002	8524.3
419.351	8607.3
419.700	8646.0
420.049	8753.7
420.397	8853.0
420.746	8973.3
421.095	9064.0
421.444	9183.7
421.793	9205.3
422.141	9321.0
422.490	9372.0
422.839	9358.0
423.188	9591.0
423.537	9652.7
423.886	9742.0
424.236	9758.7
424.585	9855.7
424.934	10032.7
425.283	10119.0
425.632	10128.7
425.981	10128.3
426.331	10361.7
426.680	10334.7
427.029	10474.0
427.379	10484.7
427.728	10688.3
428.077	10712.0
428.427	10847.3
428.776	10852.0
429.126	10893.7
429.475	11074.7
429.825	11021.3
430.174	11126.3
430.524	11258.0
430.874	11223.3
431.223	11347.7
431.573	11428.0
431.923	11550.0
432.273	11552.0
432.622	11645.0
432.972	11682.0
433.322	11599.7
433.672	11840.3
434.022	11845.7
434.372	11771.7
434.722	11927.0
435.072	12044.3
435.422	12063.3
435.772	12169.0
436.122	12152.7
436.472	12152.3
436.822	12302.7
437.172	12216.7
437.522	12187.0
437.873	12281.7
438.223	12243.3
438.573	12311.7
438.923	12302.7
439.274	12416.3
439.624	12362.3
439.975	12412.0
440.325	12467.0
440.675	12443.7
441.026	12541.0
441.376	12526.3
441.727	12567.3
442.078	12646.0
442.428	12729.0
442.779	12675.3
443.130	12716.3
443.480	12741.3
443.831	12734.7
444.182	12703.7
444.532	12749.0
444.883	12715.3
445.234	12775.3
445.585	12686.7
445.936	12720.3
446.287	12845.0
446.638	12750.0
446.989	12814.3
447.340	12805.3
447.691	12804.3
448.042	12777.3
448.393	12772.3
448.744	12826.3
449.095	12872.3
449.446	12910.3
449.798	12924.3
450.149	12996.7
450.500	12808.7
450.851	12838.3
451.203	12924.0
451.554	12919.0
451.905	12932.0
452.257	12912.0
452.608	12842.3
452.960	12941.3
453.311	12945.7
453.663	12896.3
454.014	13012.7
454.366	12934.7
454.718	13062.0
455.069	12987.0
455.421	13023.7
455.773	12927.7
456.124	13053.3
456.476	13103.0
456.828	13099.0
457.180	13198.0
457.531	13118.7
457.883	13187.7
458.235	13194.0
458.587	13122.3
458.939	13266.3
459.291	13271.0
459.643	13326.3
459.995	13295.7
460.347	13367.3
460.699	13398.3
461.051	13432.3
461.404	13424.7
461.756	13555.0
462.108	13558.7
462.460	13573.3
462.812	13658.0
463.165	13728.7
463.517	13815.7
463.869	13849.7
464.222	13973.3
464.574	13844.0
464.927	13963.7
465.279	13996.0
465.632	14088.3
465.984	14141.0
466.337	14234.7
466.689	14327.7
467.042	14371.7
467.394	14480.7
467.747	14484.3
468.100	14646.3
468.452	14707.3
468.805	14805.3
469.158	14856.7
469.511	14979.7
469.864	15067.3
470.216	15062.0
470.569	15187.0
470.922	15260.7
471.275	15338.0
471.628	15433.3
471.981	15602.3
472.334	15696.3
472.687	15802.3
473.040	15870.0
473.393	16048.7
473.747	16143.3
474.100	16280.0
474.453	16350.0
474.806	16497.0
475.159	16595.0
475.513	16733.3
475.866	16917.3
476.219	17004.3
476.573	17195.0
476.926	17159.0
477.279	17289.0
477.633	17534.7
477.986	17556.0
478.340	17846.3
478.693	17923.0
479.047	18199.0
479.400	18183.0
479.754	18238.3
480.108	18425.3
480.461	18585.0
480.815	18723.7
481.169	18968.3
481.522	19198.0
481.876	19391.0
482.230	19482.7
482.584	19621.7
482.938	19826.0
483.292	19982.0
483.646	20176.7
483.999	20369.0
484.353	20452.7
484.707	20571.3
485.061	20744.0
485.416	20894.7
485.770	21103.7
486.124	21205.7
486.478	21426.0
486.832	21579.7
487.186	21786.7
487.540	21952.0
487.895	22150.7
488.249	22295.7
488.603	22559.7
488.957	22534.7
489.312	22885.3
489.666	23134.3
490.021	23229.7
490.375	23471.7
490.730	23598.3
491.084	23718.3
491.439	23782.0
491.793	24188.7
492.148	24097.0
492.502	24388.0
492.857	24600.0
493.211	24638.3
493.566	24929.3
493.921	25074.0
494.276	25157.0
494.630	25416.3
494.985	25607.3
495.340	25706.0
495.695	25851.0
496.050	25986.0
496.405	26011.3
496.759	26306.7
497.114	26562.0
497.469	26836.3
497.824	26797.0
498.179	26880.7
498.534	27170.0
498.890	27262.0
499.245	27354.0
499.600	27670.0
499.955	27904.0
500.310	27862.7
500.665	28075.0
501.021	28210.0
501.376	28180.7
501.731	28260.0
502.087	28535.7
502.442	28459.7
502.797	28658.7
503.153	28709.0
503.508	28915.7
503.864	28970.0
504.219	28939.7
504.575	28984.7
504.930	29279.3
505.286	29550.7
505.641	29783.0
505.997	29717.7
506.353	29888.3
506.708	29999.7
507.064	29985.7
507.420	30315.7
507.775	30316.7
508.131	30233.7
508.487	30482.0
508.843	30497.3
509.199	30338.0
509.555	30622.3
509.911	30473.0
510.266	30775.3
510.622	30838.0
510.978	31130.7
511.334	30799.7
511.691	30997.0
512.047	30988.0
512.403	31028.3
512.759	31028.0
513.115	31176.3
513.471	31329.3
513.827	31372.7
514.184	31310.3
514.540	31416.7
514.896	31407.7
515.252	31544.7
515.609	31427.7
515.965	31592.7
516.322	31426.3
516.678	31495.7
517.034	31729.3
517.391	31604.3
517.747	31758.0
518.104	31746.3
518.461	31582.3
518.817	31657.0
519.174	31675.7
519.530	31664.0
519.887	31723.0
520.244	31604.3
520.600	31825.3
520.957	31755.7
521.314	31890.0
521.671	31708.7
522.027	31774.7
522.384	31890.0
522.741	31686.3
523.098	32019.7
523.455	31819.3
523.812	31642.0
524.169	31792.7
524.526	31705.7
524.883	31773.7
525.240	31815.0
525.597	31540.0
525.954	31779.7
526.311	31695.7
526.668	31700.3
527.026	31821.3
527.383	31706.0
527.740	31479.3
528.097	31537.7
528.455	31579.0
528.812	31845.0
529.169	31805.0
529.527	31594.7
529.884	31640.7
530.241	31679.3
530.599	31605.7
530.956	31660.0
531.314	31481.3
531.671	31609.3
532.029	31720.0
532.387	31570.7
532.744	31535.3
533.102	31249.0
533.459	31502.0
533.817	31355.7
534.175	31473.7
534.532	31370.0
534.890	31425.7
535.248	31338.0
535.606	31457.7
535.964	31383.3
536.322	31412.3
536.679	31345.3
537.037	31409.0
537.395	31451.0
537.753	31378.3
538.111	31544.7
538.469	31631.3
538.827	31465.3
539.185	31406.0
539.543	31500.7
539.901	31616.7
540.260	31694.3
540.618	31856.0
540.976	31405.0
541.334	31399.3
541.692	31563.7
542.051	31493.3
542.409	31554.0
542.767	31414.0
543.126	31550.7
543.484	31813.7
543.842	31900.7
544.201	31590.7
544.559	31659.7
544.918	31651.0
545.276	31596.7
545.635	31653.3
545.993	31920.0
546.352	31901.0
546.711	32077.0
547.069	31841.0
547.428	32224.0
547.786	32142.0
548.145	32070.0
548.504	32260.3
548.863	32027.7
549.221	32210.3
549.580	32331.3
549.939	32201.3
550.298	32299.3
550.657	32410.3
551.016	32570.0
551.375	32412.7
551.734	32333.3
552.093	32517.3
552.452	32548.3
552.811	32679.0
553.170	32502.3
553.529	32640.7
553.888	32910.0
554.247	32665.7
554.606	32808.3
554.965	33126.3
555.324	33125.3
555.684	33266.0
556.043	33223.0
556.402	33334.7
556.762	33506.0
557.121	33272.3
557.480	33285.3
557.840	33473.3
558.199	33714.3
558.558	33429.7
558.918	33952.3
559.277	33893.3
559.637	33856.0
559.996	34095.3
560.356	34142.0
560.716	34330.0
561.075	34522.3
561.435	34426.3
561.794	34298.3
562.154	34404.0
562.514	34726.3
562.874	34539.3
563.233	34893.0
563.593	34656.7
563.953	34812.3
564.313	34935.0
564.673	35153.3
565.033	34977.3
565.392	35195.3
565.752	35599.0
566.112	35625.0
566.472	35766.3
566.832	35835.3
567.192	36002.7
567.552	35951.0
567.912	36001.0
568.273	36044.7
568.633	36040.7
568.993	36539.7
569.353	36782.7
569.713	36831.0
570.073	36453.3
570.434	36921.7
570.794	37026.0
571.154	37112.7
571.515	37110.7
571.875	37386.0
572.235	37544.7
572.596	37690.7
572.956	37918.3
573.317	37979.7
573.677	38061.0
574.038	37961.3
574.398	38332.3
574.759	38658.7
575.119	38507.7
575.480	38671.0
575.840	38891.0
576.201	39153.0
576.562	39404.0
576.922	39222.3
577.283	39495.3
577.644	39329.7
578.005	39330.3
578.365	39729.7
578.726	39764.0
579.087	40116.3
579.448	39899.7
579.809	40260.7
580.170	40474.3
580.531	40391.3
580.892	40630.3
581.253	40615.7
581.614	40905.7
581.975	41007.3
582.336	40994.7
582.697	41154.0
583.058	41422.0
583.419	41759.3
583.780	42050.0
584.141	41830.3
584.503	42069.7
584.864	42546.3
585.225	42574.3
585.586	42649.7
585.948	42904.3
586.309	42849.3
586.670	42910.3
587.032	43352.7
587.393	43259.0
587.754	43602.7
588.116	44559.7
588.477	46241.7
588.839	48005.3
589.200	48958.0
589.562	48454.0
589.923	46588.7
590.285	45012.7
590.647	44990.3
591.008	44749.7
591.370	45041.7
591.732	45423.3
592.093	45390.0
592.455	45574.0
592.817	45640.3
593.179	45926.3
593.540	46143.3
593.902	46221.0
594.264	46201.0
594.626	46382.7
594.988	46655.3
595.350	46606.0
595.712	46547.0
596.074	46674.3
596.436	47066.0
596.798	47220.0
597.160	47288.7
597.522	47679.3
597.884	47839.0
598.246	48116.3
598.608	47974.7
598.970	48296.0
599.332	48524.0
599.695	48647.0
600.057	48775.0
600.419	49031.7
600.781	48718.7
601.144	49049.0
601.506	48969.7
601.868	49098.7
602.231	49169.3
602.593	49345.0
602.956	49396.3
603.318	49746.0
603.680	49382.7
604.043	49866.0
604.405	49890.7
604.768	50085.7
605.131	50447.7
605.493	50044.7
605.856	50120.0
606.218	50007.0
606.581	50264.0
606.944	50169.0
607.306	50290.3
607.669	50515.0
608.032	50360.0
608.395	50846.3
608.757	50538.7
609.120	50762.3
609.483	50751.3
609.846	50837.0
610.209	51103.3
610.572	51485.3
610.935	51248.7
611.298	51428.0
611.661	51590.7
612.024	51783.7
612.387	52019.3
612.750	52000.7
613.113	52003.0
613.476	52371.7
613.839	52560.7
614.202	52779.7
614.565	53088.3
614.928	53055.3
615.292	53213.0
615.655	53301.7
616.018	53382.0
616.381	53253.0
616.745	53421.3
617.108	53559.0
617.471	53943.7
617.835	54062.0
618.198	54313.3
618.562	53802.0
618.925	54179.0
619.289	54472.0
619.652	54753.3
620.016	54696.0
620.379	54476.7
620.743	54630.7
621.106	54368.3
621.470	54770.0
621.833	55415.7
622.197	55174.0
622.561	54936.3
622.924	55184.7
623.288	55146.3
623.652	55141.0
624.016	55272.3
624.379	55226.3
624.743	55411.7
625.107	55539.0
625.471	55455.3
625.835	55793.0
626.199	56217.3
626.563	55778.0
626.927	55888.3
627.291	56221.3
627.655	55693.3
628.019	55979.7
628.383	56346.7
628.747	55701.7
629.111	55899.7
629.475	56343.3
629.839	56157.7
630.203	56198.0
630.567	56254.0
630.931	56227.0
631.296	56137.7
631.660	56318.7
632.024	56357.0
632.389	56199.0
632.753	56304.7
633.117	56278.3
633.481	56246.0
633.846	55707.0
634.210	55979.3
634.575	55964.3
634.939	56012.0
635.304	55989.3
635.668	55687.7
636.033	55864.7
636.397	55465.7
636.762	55776.0
637.126	55452.3
637.491	55507.0
637.855	55622.7
638.220	55553.0
638.585	55669.0
638.949	55418.3
639.314	55091.7
639.679	55126.3
640.044	54907.0
640.408	54951.0
640.773	54870.7
641.138	54805.0
641.503	54492.0
641.868	54209.7
642.233	54799.7
642.598	54419.7
642.963	54610.0
643.327	54290.3
643.692	54157.7
644.057	54142.7
644.422	54260.7
644.788	54429.7
645.153	53876.0
645.518	53992.0
645.883	53911.3
646.248	53693.3
646.613	53521.7
646.978	53223.7
647.343	53238.7
647.709	53079.0
648.074	53008.7
648.439	52652.0
648.804	52541.3
649.170	52619.3
649.535	52839.3
649.900	52957.7
650.266	53021.0
650.631	52811.0
650.997	52819.3
651.362	52553.3
651.728	52431.0
652.093	52452.3
652.459	52365.3
652.824	52252.0
653.190	51988.0
653.555	51790.0
653.921	52014.0
654.286	51820.0
654.652	51703.3
655.018	51692.0
655.383	51770.3
655.749	51478.0
656.115	51420.0
656.481	51068.0
656.846	50850.0
657.212	50877.0
657.578	51127.3
657.944	50653.3
658.310	50985.7
658.676	50996.7
659.041	50896.7
659.407	50475.3
659.773	50454.0
660.139	50590.3
660.505	50310.7
660.871	50558.0
661.237	50435.3
661.603	50146.0
661.969	50201.0
662.336	49898.0
662.702	49994.0
663.068	49240.0
663.434	49412.0
663.800	49368.7
664.166	49304.7
664.533	49055.3
664.899	49053.0
665.265	49261.0
665.631	48801.0
665.998	48923.7
666.364	48973.7
666.730	48497.7
667.097	48496.3
667.463	48620.7
667.830	48555.0
668.196	48807.0
668.562	48700.0
668.929	48322.0
669.295	48396.3
669.662	48317.3
670.028	48348.0
670.395	48880.0
670.762	48623.3
671.128	48230.3
671.495	47900.3
671.862	48012.3
672.228	47800.7
672.595	47568.0
672.962	47635.7
673.328	47572.3
673.695	47466.0
674.062	47706.7
674.429	47338.7
674.796	47233.7
675.162	47244.7
675.529	47118.3
675.896	46782.7
676.263	46656.3
676.630	46616.0
676.997	46460.3
677.364	46236.7
677.731	46131.7
678.098	46006.3
678.465	45980.3
678.832	45786.3
679.199	46018.3
679.566	45952.7
679.933	46024.3
680.300	45878.0
680.668	45645.3
681.035	45602.3
681.402	45652.0
681.769	45468.7
682.136	45353.7
682.504	45186.0
682.871	44770.0
683.238	45252.0
683.606	44748.3
683.973	44870.7
684.340	45081.3
684.708	45333.0
685.075	45185.3
685.442	45057.7
685.810	45221.0
686.177	45180.7
686.545	45108.3
686.912	44902.0
687.280	44781.3
687.647	44661.7
688.015	44498.0
688.383	44524.7
688.750	44226.0
689.118	44289.7
689.486	44075.0
689.853	43970.0
690.221	43933.3
690.589	43741.3
690.956	43976.7
691.324	43994.7
691.692	43861.3
692.060	43976.7
692.428	44199.0
692.795	43878.3
693.163	43819.0
693.531	43861.0
693.899	43651.0
694.267	43289.7
694.635	43273.3
695.003	43525.3
695.371	43407.0
695.739	43408.3
696.107	43212.7
696.475	43286.7
696.843	42978.7
697.211	42890.7
697.579	43049.0
697.947	43108.0
698.316	43145.0
698.684	42956.3
699.052	43258.3
699.420	43132.3
699.788	43374.7
700.157	43002.7
700.525	43028.3
700.893	42950.0
701.261	42998.0
701.630	42656.7
701.998	42912.3
702.367	42791.3
702.735	42771.0
703.103	43030.3
703.472	42788.3
703.840	42825.3
704.209	42783.7
704.577	42448.0
704.946	42569.0
705.314	42487.0
705.683	42560.3
706.051	42438.7
706.420	42607.7
706.789	42698.0
707.157	42692.3
707.526	42690.0
707.895	42607.0
708.263	42578.7
708.632	42110.0
709.001	42250.7
709.369	42249.0
709.738	41933.3
710.107	41890.7
710.476	41922.7
710.845	41717.0
711.214	42054.0
711.582	42145.3
711.951	41914.7
712.320	42103.0
712.689	42022.7
713.058	41932.3
713.427	41704.0
713.796	41745.0
714.165	41531.3
714.534	41550.3
714.903	41272.3
715.272	41636.7
715.641	41609.0
716.011	41614.0
716.380	42020.7
716.749	42121.3
717.118	41939.3
717.487	42043.3
717.856	41906.0
718.226	41905.0
718.595	41878.0
718.964	41628.3
719.333	41551.7
719.703	42012.3
720.072	41823.7
720.441	41911.0
720.811	41734.0
721.180	42006.7
721.550	41887.0
721.919	41760.7
722.289	41793.0
722.658	41927.3
723.027	41861.3
723.397	41701.0
723.767	41686.3
724.136	41816.7
724.506	41917.7
724.875	42067.0
725.245	42094.3
725.614	42213.0
725.984	41975.0
726.354	41920.0
726.723	41732.7
727.093	41757.7
727.463	41839.3
727.833	41770.3
728.202	41668.7
728.572	41796.7
728.942	41730.3
729.312	41567.3
729.682	41594.7
730.051	41670.7
730.421	41750.3
730.791	41473.7
731.161	41240.0
731.531	41292.7
731.901	41391.3
732.271	41638.0
732.641	41594.7
733.011	41419.7
733.381	41456.3
733.751	41709.3
734.121	41408.7
734.491	41540.3
734.861	41340.3
735.232	41495.3
735.602	41482.7
735.972	41418.0
736.342	41502.0
736.712	41480.3
737.082	41240.0
737.453	41339.3
737.823	41319.7
738.193	41317.0
738.564	41033.7
738.934	41051.3
739.304	41099.0
739.675	41076.7
740.045	41044.0
740.415	41044.0
740.786	41017.7
741.156	41085.3
741.527	41098.7
741.897	40991.7
742.268	41027.0
742.638	41241.7
743.009	41099.3
743.379	40715.3
743.750	40945.7
744.120	40774.3
744.491	40678.0
744.862	40668.0
745.232	40529.3
745.603	40650.3
745.974	40965.7
746.344	41098.3
746.715	41176.7
747.086	40878.3
747.457	40910.7
747.827	40727.7
748.198	40803.7
748.569	40696.3
748.940	40739.0
749.311	40721.0
749.681	40800.0
750.052	40774.3
750.423	40688.7
750.794	40636.3
751.165	40625.7
751.536	40470.0
751.907	40424.3
752.278	40492.0
752.649	40229.7
753.020	40112.7
753.391	40171.0
753.762	40226.3
754.133	39988.7
754.504	40100.7
754.876	40009.3
755.247	39939.0
755.618	39860.3
755.989	39955.0
756.360	39802.3
756.731	39595.3
757.103	39266.3
757.474	39497.3
757.845	39466.0
758.217	39374.7
758.588	39378.7
758.959	39701.0
759.331	39487.3
759.702	39662.3
760.073	39846.7
760.445	39718.0
760.816	39631.3
761.188	39448.7
761.559	39235.7
761.931	39125.7
762.302	39056.7
762.674	38969.7
763.045	38629.3
763.417	38694.3
763.788	38888.7
764.160	38618.7
764.531	38564.0
764.903	38530.0
765.275	38514.0
765.646	38869.3
766.018	41963.3
766.390	44929.7
766.761	44462.0
767.133	40979.0
767.505	39426.7
767.877	38754.3
768.248	38206.0
768.620	37778.0
768.992	37920.7
769.364	39282.0
769.736	40822.0
770.108	41222.7
770.480	39443.0
770.851	38068.3
771.223	37312.3
771.595	37132.3
771.967	36801.7
772.339	36719.7
772.711	36607.7
773.083	36556.0
773.455	36582.3
773.827	36481.0
774.200	36434.0
774.572	36242.0
774.944	36019.3
775.316	36026.7
775.688	36052.0
776.060	35663.7
776.432	35479.0
776.805	35551.7
777.177	35477.0
777.549	35723.3
777.921	35739.3
778.294	35580.0
778.666	35521.3
779.038	35546.7
779.410	35386.3
779.783	35038.0
780.155	34850.3
780.528	34612.7
780.900	34413.0
781.272	34093.0
781.645	34253.7
782.017	34146.0
782.390	34137.3
782.762	34100.3
783.135	34139.7
783.507	34067.7
783.880	33876.0
784.252	33745.7
784.625	33396.3
784.998	33212.3
785.370	33085.0
785.743	33023.7
786.115	32758.7
786.488	32542.7
786.861	32740.7
787.233	32947.7
787.606	32648.0
787.979	32655.3
788.352	32419.7
788.724	32187.3
789.097	32289.0
789.470	32137.3
789.843	32283.7
790.216	32049.3
790.589	31938.3
790.961	31391.3
791.334	31595.0
791.707	31245.3
792.080	31299.0
792.453	31015.3
792.826	31004.0
793.199	30943.7
793.572	30985.0
793.945	30677.3
794.318	30420.0
794.691	30445.3
795.064	30392.0
795.437	30192.0
795.810	30040.0
796.183	30079.3
796.557	29949.3
796.930	29563.3
797.303	29428.3
797.676	29409.7
798.049	29342.3
798.422	28841.7
798.796	28720.7
799.169	28867.7
799.542	28675.0
799.915	28620.3
800.289	28416.3
800.662	28173.7
801.035	27963.7
801.409	27802.3
801.782	27478.0
802.156	27336.3
802.529	27116.0
802.902	27059.7
803.276	26719.0
803.649	26360.7
804.023	26147.3
804.396	26022.7
804.770	25889.0
805.143	25915.3
805.517	25603.7
805.890	25500.3
806.264	25282.7
806.638	25118.3
807.011	24812.7
807.385	24597.0
807.758	24517.7
808.132	24375.0
808.506	24384.0
808.879	24358.7
809.253	24313.7
809.627	24317.3
810.001	24226.7
810.374	24308.7
810.748	24237.3
811.122	24202.3
811.496	24162.3
811.870	24332.0
812.243	24190.3
812.617	24092.0
812.991	23976.7
813.365	24012.3
813.739	23773.7
814.113	23733.3
814.487	23713.0
814.861	23708.7
815.235	23707.7
815.609	23531.7
815.983	23607.3
816.357	23675.0
816.731	23734.3
817.105	23686.7
817.479	23544.3
817.853	23618.3
818.227	23507.3
818.601	23535.7
818.975	23463.0
819.350	23460.0
819.724	23093.0
820.098	23000.0
820.472	22838.3
820.846	22994.3
821.221	22992.0
821.595	22794.0
821.969	22888.0
822.343	23054.3
822.718	22718.7
823.092	22866.7
823.466	22745.3
823.841	22854.3
824.215	22683.7
824.589	22550.0
824.964	22565.3
825.338	22531.7
825.713	22178.7
826.087	22217.0
826.462	22166.0
826.836	22155.7
827.211	21934.3
827.585	22087.0
827.960	21835.7
828.334	21705.7
828.709	21591.7
829.083	21505.3
829.458	21397.0
829.833	21080.7
830.207	20923.3
830.582	20661.3
830.957	20735.7
831.331	20522.3
831.706	20535.0
832.081	20286.3
832.455	20396.0
832.830	20272.3
833.205	20039.3
833.580	20053.0
833.954	19972.3
834.329	19816.0
834.704	19747.7
835.079	19676.7
835.454	19559.0
835.829	19384.7
836.203	19520.7
836.578	19231.7
836.953	19267.3
837.328	19164.3
837.703	18988.0
838.078	18915.0
838.453	18686.7
838.828	18391.0
839.203	18424.7
839.578	18092.0
839.953	17942.3
840.328	17803.3
840.703	17561.0
841.078	17554.3
841.454	17409.7
841.829	17319.3
842.204	17298.3
842.579	17223.0
842.954	17084.0
843.329	17159.7
843.704	17154.3
844.080	17046.7
844.455	16897.7
844.830	16754.3
845.205	16751.7
845.581	16533.3
845.956	16470.0
846.331	16366.7
846.707	16380.7
847.082	16431.7
847.457	16328.7
847.833	16198.0
848.208	16131.0
848.584	16017.0
848.959	15838.3
849.334	15754.7
849.710	15749.0
850.085	15679.0
850.461	15548.0
850.836	15526.3
851.212	15392.0
851.587	15254.7
851.963	15204.0
852.338	15084.3
852.714	14993.0
853.090	14679.0
853.465	14741.0
853.841	14680.0
854.216	14554.3
854.592	14527.3
854.968	14476.7
855.343	14319.7
855.719	14209.3
856.095	14200.3
856.471	14160.7
856.846	13979.0
857.222	13855.7
857.598	13819.3
857.974	13824.0
858.349	13806.7
858.725	13676.3
859.101	13719.3
859.477	13614.7
859.853	13466.3
860.229	13464.7
860.605	13382.7
860.980	13297.3
861.356	13256.0
861.732	13288.3
862.108	13217.3
862.484	13069.0
862.860	13076.3
863.236	12909.0
863.612	12774.0
863.988	12789.0
864.364	12667.0
864.740	12501.7
865.116	12420.3
865.493	12391.3
865.869	12363.7
866.245	12275.7
866.621	12240.7
866.997	12218.0
867.373	12042.7
867.749	12075.7
868.126	12024.0
868.502	11930.7
868.878	11802.7
869.254	11768.7
869.631	11705.3
870.007	11799.3
870.383	11771.0
870.759	11740.0
871.136	11658.7
871.512	11517.0
871.888	11536.0
872.265	11450.0
872.641	11225.7
873.017	11337.3
873.394	11129.7
873.770	11130.3
874.147	11049.7
874.523	10957.0
874.900	10817.7
875.276	10780.7
875.653	10775.0
876.029	10851.0
876.406	10684.0
876.782	10723.7
877.159	10518.3
877.535	10527.0
877.912	10342.3
878.288	10239.0
878.665	10214.7
879.042	10270.3
879.418	10138.3
879.795	10175.3
880.172	10050.0
880.548	9957.0
880.925	9828.0
881.302	9843.7
881.678	9741.3
882.055	9728.7
882.432	9677.7
882.809	9655.0
883.185	9621.3
883.562	9504.7
883.939	9487.0
884.316	9485.7
884.693	9386.7
885.070	9407.0
885.446	9352.3
885.823	9284.0
886.200	9150.3
886.577	9077.7
886.954	8986.0
887.331	8911.7
887.708	8917.7
888.085	8832.3
888.462	8818.0
888.839	8857.0
889.216	8823.3
889.593	8694.0
889.970	8604.3
890.347	8575.7
890.724	8492.0
891.101	8515.3
891.478	8451.3
891.855	8401.0
892.232	8385.7
892.610	8329.0
892.987	8235.7
893.364	8271.3
893.741	8205.7
894.118	8211.0
894.495	8122.7
894.873	8158.0
895.250	8121.7
895.627	8033.3
896.004	8000.7
896.382	7906.3
896.759	7904.3
897.136	7851.0
897.514	7844.7
897.891	7727.7
898.268	7723.0
898.646	7692.7
899.023	7568.0
899.400	7545.3
899.778	7429.3
900.155	7429.0
900.533	7396.3
900.910	7345.0
901.288	7216.7
901.665	7135.3
902.043	7145.3
902.420	7055.0
902.798	6988.0
903.175	6969.7
903.553	6897.3
903.930	6926.3
904.308	6895.3
904.685	6887.0
905.063	6872.3
905.441	6808.7
905.818	6837.3
906.196	6761.0
906.573	6696.3
906.951	6703.3
907.329	6648.0
907.707	6564.3
908.084	6546.0
908.462	6439.3
908.840	6331.0
909.217	6333.0
909.595	6232.7
909.973	6233.0
910.351	6242.7
910.729	6268.3
911.106	6207.0
911.484	6217.0
911.862	6136.3
912.240	6139.0
912.618	6127.3
912.996	6043.0
913.373	6054.3
913.751	5907.3
914.129	5906.3
914.507	5827.3
914.885	5829.7
915.263	5725.3
