186.832	612.0
187.157	929.7
187.483	935.0
187.808	951.3
188.134	934.7
188.459	943.7
188.785	930.3
189.110	930.7
189.436	922.0
189.761	939.0
190.087	926.7
190.413	921.0
190.739	922.0
191.064	947.0
191.390	929.0
191.716	923.7
192.042	946.7
192.368	939.0
192.694	916.0
193.020	923.3
193.346	943.3
193.672	924.3
193.998	925.3
194.324	912.3
194.651	924.3
194.977	925.0
195.303	945.7
195.629	937.7
195.956	914.7
196.282	940.0
196.609	910.7
196.935	918.7
197.261	924.3
197.588	924.7
197.915	917.3
198.241	932.3
198.568	915.7
198.895	938.7
199.221	908.3
199.548	930.0
199.875	926.0
200.202	929.0
200.529	904.0
200.856	930.0
201.182	928.3
201.509	924.7
201.837	926.7
202.164	926.3
202.491	928.0
202.818	945.0
203.145	907.3
203.472	924.7
203.799	927.7
204.127	932.7
204.454	928.0
204.781	902.3
205.109	926.0
205.436	915.0
205.764	900.7
206.091	915.3
206.419	901.3
206.746	926.0
207.074	894.0
207.402	925.7
207.729	902.0
208.057	922.0
208.385	925.7
208.713	921.0
209.041	909.0
209.369	932.7
209.696	913.0
210.024	932.7
210.352	913.3
210.680	944.3
211.009	921.7
211.337	947.7
211.665	923.0
211.993	947.0
212.321	936.7
212.650	938.3
212.978	941.7
213.306	940.7
213.635	910.0
213.963	940.3
214.291	939.0
214.620	941.3
214.948	923.3
215.277	937.3
215.606	934.7
215.934	963.0
216.263	912.7
216.592	937.0
216.920	920.0
217.249	923.7
217.578	925.7
217.907	942.3
218.236	916.7
218.565	952.3
218.894	925.7
219.223	939.7
219.552	932.3
219.881	963.7
220.210	908.0
220.539	923.7
220.868	923.0
221.197	939.7
221.527	933.3
221.856	919.7
222.185	932.0
222.515	955.7
222.844	925.7
223.173	942.0
223.503	951.3
223.832	940.0
224.162	930.3
224.492	965.7
224.821	913.3
225.151	946.7
225.481	930.7
225.810	927.0
226.140	929.3
226.470	931.0
226.800	905.3
227.130	946.0
227.460	922.0
227.790	950.3
228.120	924.3
228.450	931.3
228.780	926.3
229.110	951.3
229.440	941.7
229.770	967.0
230.100	950.7
230.431	963.7
230.761	941.7
231.091	962.0
231.422	943.0
231.752	959.0
232.082	942.7
232.413	950.0
232.743	940.0
233.074	943.0
233.404	946.3
233.735	966.3
234.066	952.0
234.396	955.3
234.727	933.3
235.058	949.3
235.389	944.3
235.719	966.7
236.050	934.0
236.381	971.0
236.712	959.0
237.043	956.0
237.374	952.7
237.705	957.0
238.036	962.7
238.367	973.0
238.699	971.3
239.030	960.3
239.361	946.0
239.692	961.7
240.024	928.0
240.355	948.3
240.686	954.3
241.018	961.3
241.349	934.0
241.681	948.3
242.012	956.3
242.344	966.0
242.675	945.3
243.007	965.7
243.339	978.0
243.670	940.0
244.002	957.3
244.334	950.7
244.666	967.0
244.997	975.7
245.329	953.3
245.661	961.0
245.993	950.3
246.325	978.0
246.657	950.7
246.989	971.0
247.321	961.7
247.654	953.3
247.986	929.0
248.318	969.0
248.650	941.0
248.982	955.7
249.315	947.0
249.647	961.0
249.979	949.7
250.312	945.3
250.644	949.7
250.977	953.3
251.309	936.0
251.642	965.3
251.974	962.0
252.307	934.0
252.640	949.0
252.972	946.3
253.305	936.0
253.638	951.7
253.971	962.7
254.304	973.0
254.637	965.3
254.969	957.7
255.302	963.0
255.635	958.3
255.968	947.3
256.301	953.7
256.635	947.3
256.968	960.3
257.301	956.0
257.634	946.7
257.967	938.0
258.301	955.0
258.634	941.0
258.967	945.0
259.301	965.7
259.634	956.3
259.967	935.7
260.301	948.7
260.634	944.3
260.968	938.7
261.302	931.7
261.635	960.7
261.969	943.3
262.303	933.0
262.636	945.3
262.970	946.3
263.304	923.3
263.638	963.3
263.972	933.7
264.306	955.0
264.639	952.3
264.973	958.0
265.307	931.3
265.642	935.7
265.976	955.7
266.310	951.3
266.644	934.7
266.978	968.7
267.312	936.7
267.647	966.0
267.981	948.7
268.315	962.3
268.650	939.7
268.984	952.3
269.318	957.3
269.653	949.3
269.987	945.0
270.322	960.7
270.656	953.0
270.991	941.3
271.326	931.3
271.660	958.0
271.995	932.0
272.330	945.7
272.665	935.7
272.999	945.0
273.334	949.3
273.669	965.0
274.004	954.3
274.339	953.7
274.674	931.7
275.009	947.3
275.344	932.3
275.679	968.3
276.014	932.7
276.350	943.0
276.685	939.7
277.020	942.0
277.355	958.0
277.691	960.3
278.026	945.3
278.361	974.3
278.697	942.3
279.032	953.0
279.368	952.7
279.703	952.0
280.039	943.0
280.374	947.7
280.710	932.7
281.046	966.7
281.381	929.7
281.717	963.0
282.053	937.7
282.389	945.3
282.724	939.0
283.060	943.7
283.396	935.0
283.732	943.0
284.068	949.3
284.404	930.3
284.740	958.7
285.076	957.3
285.412	945.0
285.748	943.7
286.085	936.0
286.421	967.0
286.757	923.7
287.093	936.0
287.430	957.3
287.766	952.3
288.102	941.0
288.439	931.7
288.775	943.0
289.112	951.0
289.448	912.3
289.785	943.7
290.121	941.7
290.458	941.3
290.795	928.7
291.131	924.7
291.468	933.7
291.805	952.7
292.142	940.0
292.478	956.7
292.815	933.0
293.152	938.3
293.489	920.7
293.826	930.7
294.163	924.0
294.500	941.7
294.837	910.3
295.174	964.0
295.511	937.0
295.849	920.3
296.186	928.0
296.523	954.0
296.860	945.7
297.198	953.3
297.535	912.0
297.872	939.0
298.210	937.0
298.547	939.3
298.885	932.0
299.222	934.3
299.560	928.0
299.897	936.3
300.235	913.7
300.572	950.0
300.910	920.0
301.248	939.7
301.586	918.7
301.923	937.0
302.261	934.0
302.599	965.7
302.937	924.7
303.275	917.7
303.613	918.7
303.951	931.7
304.289	940.3
304.627	945.7
304.965	937.0
305.303	943.7
305.641	935.7
305.979	924.7
306.318	926.7
306.656	956.3
306.994	940.0
307.332	928.0
307.671	924.0
308.009	960.3
308.348	916.7
308.686	953.7
309.025	942.0
309.363	946.7
309.702	935.0
310.040	931.7
310.379	929.3
310.718	951.7
311.056	927.3
311.395	950.7
311.734	908.3
312.072	952.3
312.411	921.7
312.750	933.3
313.089	955.3
313.428	939.3
313.767	915.3
314.106	945.7
314.445	926.0
314.784	913.0
315.123	913.3
315.462	933.3
315.801	933.0
316.141	928.3
316.480	914.0
316.819	918.7
317.158	918.3
317.498	930.7
317.837	917.7
318.176	924.7
318.516	914.0
318.855	920.3
319.195	921.3
319.534	919.3
319.874	930.0
320.213	940.3
320.553	931.7
320.893	932.3
321.232	920.7
321.572	898.0
321.912	922.0
322.252	933.0
322.592	926.3
322.931	930.7
323.271	927.3
323.611	938.7
323.951	921.7
324.291	944.7
324.631	931.7
324.971	902.3
325.311	911.0
325.651	942.3
325.992	935.7
326.332	950.0
326.672	922.3
327.012	939.3
327.353	941.3
327.693	938.3
328.033	942.7
328.374	921.3
328.714	946.7
329.055	936.3
329.395	933.3
329.736	948.3
330.076	919.0
330.417	937.7
330.757	949.0
331.098	948.7
331.439	946.7
331.779	947.7
332.120	927.7
332.461	937.3
332.802	926.7
333.143	925.3
333.483	933.0
333.824	960.0
334.165	918.7
334.506	955.0
334.847	951.3
335.188	945.3
335.529	945.0
335.870	931.0
336.212	945.0
336.553	932.3
336.894	939.7
337.235	932.0
337.576	913.0
337.918	954.0
338.259	930.7
338.600	935.3
338.942	931.3
339.283	936.3
339.625	938.3
339.966	940.3
340.308	966.3
340.649	964.7
340.991	924.0
341.333	929.7
341.674	935.7
342.016	924.0
342.358	946.7
342.699	927.0
343.041	949.0
343.383	930.3
343.725	948.3
344.067	953.7
344.409	923.7
344.751	939.7
345.093	945.7
345.435	937.0
345.777	948.0
346.119	961.0
346.461	950.7
346.803	929.3
347.145	945.0
347.488	925.3
347.830	932.3
348.172	929.0
348.514	925.3
348.857	943.0
349.199	930.0
349.541	942.3
349.884	916.7
350.226	930.7
350.569	939.3
350.911	956.0
351.254	932.0
351.597	929.3
351.939	945.3
352.282	939.3
352.625	947.7
352.967	949.0
353.310	933.0
353.653	943.7
353.996	922.3
354.339	948.7
354.681	924.7
355.024	942.7
355.367	928.7
355.710	928.3
356.053	933.7
356.396	937.3
356.739	926.0
357.083	937.0
357.426	933.0
357.769	919.0
358.112	906.3
358.455	917.7
358.799	908.7
359.142	919.3
359.485	918.3
359.829	900.0
360.172	895.0
360.515	924.3
360.859	880.3
361.202	902.0
361.546	906.3
361.889	923.3
362.233	899.3
362.577	901.0
362.920	923.0
363.264	929.7
363.608	910.0
363.951	911.7
364.295	914.3
364.639	926.7
364.983	904.0
365.327	928.7
365.671	917.7
366.015	931.3
366.359	945.3
366.703	936.3
367.047	910.3
367.391	924.3
367.735	928.7
368.079	931.7
368.423	921.3
368.767	922.3
369.111	919.7
369.456	939.3
369.800	928.3
370.144	931.0
370.489	928.0
370.833	938.0
371.177	923.0
371.522	958.7
371.866	930.7
372.211	938.3
372.555	944.3
372.900	926.7
373.245	931.7
373.589	949.0
373.934	918.3
374.279	918.7
374.623	951.3
374.968	957.0
375.313	925.0
375.658	923.0
376.003	942.7
376.347	945.0
376.692	931.7
377.037	935.7
377.382	935.7
377.727	936.3
378.072	958.3
378.417	927.0
378.762	950.0
379.108	963.0
379.453	951.0
379.798	946.3
380.143	907.0
380.488	953.0
380.834	932.7
381.179	947.7
381.524	932.7
381.870	942.0
382.215	924.3
382.561	936.3
382.906	929.0
383.252	968.0
383.597	924.0
383.943	955.7
384.288	913.0
384.634	933.3
384.980	930.7
385.325	937.3
385.671	949.0
386.017	930.7
386.363	950.3
386.708	937.7
387.054	947.3
387.400	961.0
387.746	940.7
388.092	953.0
388.438	934.7
388.784	971.3
389.130	942.0
389.476	931.7
389.822	951.3
390.168	966.0
390.514	976.0
390.860	950.7
391.207	942.0
391.553	975.0
391.899	935.3
392.246	981.0
392.592	975.7
392.938	981.0
393.285	944.0
393.631	981.3
393.978	965.0
394.324	985.0
394.671	975.7
395.017	971.0
395.364	976.3
395.710	990.0
396.057	973.7
396.404	964.7
396.750	992.3
397.097	1007.0
397.444	1001.3
397.791	1006.0
398.137	990.7
398.484	1004.7
398.831	997.0
399.178	991.3
399.525	991.3
399.872	1020.7
400.219	1021.0
400.566	1043.3
400.913	1003.3
401.260	1041.0
401.607	1041.3
401.955	1045.7
402.302	1042.0
402.649	1053.0
402.996	1038.0
403.344	1043.3
403.691	1069.7
404.038	1086.0
404.386	1070.7
404.733	1097.7
405.080	1086.3
405.428	1110.7
405.775	1120.7
406.123	1143.3
406.470	1135.0
406.818	1150.3
407.166	1180.3
407.513	1184.7
407.861	1226.7
408.209	1226.0
408.556	1242.0
408.904	1282.3
409.252	1293.7
409.600	1311.0
409.948	1343.3
410.296	1364.0
410.643	1392.0
410.991	1441.7
411.339	1456.0
411.687	1479.3
412.035	1502.3
412.383	1567.7
412.732	1573.7
413.080	1634.3
413.428	1665.7
413.776	1724.3
414.124	1765.0
414.473	1839.7
414.821	1885.0
415.169	1977.3
415.517	2008.7
415.866	2052.3
416.214	2058.0
416.563	2160.0
416.911	2229.0
417.260	2290.7
417.608	2378.3
417.957	2456.7
418.305	2525.0
418.654	2607.7
419.002	2736.3
419.351	2772.3
419.700	2876.3
420.049	2968.7
420.397	3040.7
420.746	3174.0
421.095	3266.3
421.444	3411.3
421.793	3445.7
422.141	3566.7
422.490	3673.0
422.839	3800.0
423.188	3982.3
423.537	4071.0
423.886	4242.0
424.236	4340.0
424.585	4491.7
424.934	4643.7
425.283	4798.3
425.632	4938.7
425.981	5087.3
426.331	5243.0
426.680	5409.3
427.029	5551.7
427.379	5657.7
427.728	5914.0
428.077	6117.0
428.427	6192.3
428.776	6449.3
429.126	6591.0
429.475	6780.7
429.825	7000.0
430.174	7208.0
430.524	7380.3
430.874	7488.3
431.223	7815.0
431.573	8004.7
431.923	8236.3
432.273	8347.0
432.622	8634.7
432.972	8755.7
433.322	9029.7
433.672	9220.0
434.022	9371.7
434.372	9619.3
434.722	9870.3
435.072	10084.3
435.422	10223.3
435.772	10405.0
436.122	10669.3
436.472	10861.7
436.822	11046.3
437.172	11245.7
437.522	11441.0
437.873	11621.7
438.223	11791.7
438.573	11999.3
438.923	12239.3
439.274	12287.3
439.624	12477.7
439.975	12707.3
440.325	12894.3
440.675	13193.7
441.026	13239.3
441.376	13344.0
441.727	13647.7
442.078	13839.7
442.428	13927.0
442.779	14074.7
443.130	14259.7
443.480	14286.0
443.831	14550.3
444.182	14764.7
444.532	14874.0
444.883	14923.0
445.234	15002.7
445.585	15091.0
445.936	15208.3
446.287	15431.3
446.638	15456.0
446.989	15430.3
447.340	15515.0
447.691	15623.7
448.042	15654.0
448.393	15643.0
448.744	15700.7
449.095	15795.7
449.446	15564.0
449.798	15635.7
450.149	15668.0
450.500	15500.3
450.851	15454.0
451.203	15365.0
451.554	15173.3
451.905	15195.7
452.257	14909.3
452.608	14963.7
452.960	14704.0
453.311	14592.7
453.663	14305.7
454.014	14308.7
454.366	13916.7
454.718	13732.7
455.069	13491.0
455.421	13364.0
455.773	13051.3
456.124	12857.0
456.476	12633.0
456.828	12368.0
457.180	12151.7
457.531	11922.3
457.883	11680.7
458.235	11344.7
458.587	11023.3
458.939	10867.0
459.291	10631.7
459.643	10395.3
459.995	10131.0
460.347	9870.0
460.699	9678.7
461.051	9483.7
461.404	9235.3
461.756	9093.3
462.108	8883.3
462.460	8674.0
462.812	8416.0
463.165	8320.3
463.517	8051.3
463.869	7942.0
464.222	7889.7
464.574	7637.3
464.927	7508.0
465.279	7262.3
465.632	7121.0
465.984	7094.3
466.337	6921.7
466.689	6762.7
467.042	6608.3
467.394	6570.3
467.747	6408.0
468.100	6320.3
468.452	6154.7
468.805	6135.3
469.158	6038.3
469.511	5839.7
469.864	5828.0
470.216	5644.0
470.569	5513.0
470.922	5466.3
471.275	5372.3
471.628	5271.7
471.981	5188.0
472.334	5147.7
472.687	5026.0
473.040	4920.3
473.393	4930.3
473.747	4806.7
474.100	4791.0
474.453	4661.0
474.806	4610.0
475.159	4573.7
475.513	4509.0
475.866	4416.7
476.219	4350.0
476.573	4296.3
476.926	4197.0
477.279	4226.7
477.633	4188.3
477.986	4123.0
478.340	4054.0
478.693	4034.3
479.047	3998.3
479.400	3970.7
479.754	3892.7
480.108	3855.3
480.461	3855.3
480.815	3800.3
481.169	3833.7
481.522	3744.3
481.876	3747.3
482.230	3750.3
482.584	3753.3
482.938	3718.0
483.292	3700.0
483.646	3676.3
483.999	3656.0
484.353	3658.0
484.707	3657.0
485.061	3626.0
485.416	3609.7
485.770	3621.3
486.124	3577.0
486.478	3631.7
486.832	3643.0
487.186	3632.3
487.540	3628.3
487.895	3612.3
488.249	3682.7
488.603	3662.3
488.957	3706.3
489.312	3724.7
489.666	3680.3
490.021	3692.3
490.375	3769.0
490.730	3749.0
491.084	3817.3
491.439	3745.7
491.793	3827.0
492.148	3859.3
492.502	3874.3
492.857	3904.7
493.211	3858.0
493.566	3936.7
493.921	3976.7
494.276	3978.3
494.630	4019.3
494.985	4041.3
495.340	4116.0
495.695	4092.0
496.050	4151.3
496.405	4166.7
496.759	4204.3
497.114	4251.7
497.469	4289.3
497.824	4300.0
498.179	4280.0
498.534	4416.0
498.890	4396.3
499.245	4420.0
499.600	4506.7
499.955	4492.3
500.310	4593.0
500.665	4621.7
501.021	4677.7
501.376	4665.3
501.731	4705.3
502.087	4805.0
502.442	4792.0
502.797	4832.7
503.153	4882.0
503.508	4842.7
503.864	4980.3
504.219	5009.3
504.575	5024.0
504.930	4993.7
505.286	5123.0
505.641	5105.0
505.997	5171.0
506.353	5145.0
506.708	5264.0
507.064	5309.7
507.420	5300.0
507.775	5339.0
508.131	5356.0
508.487	5313.3
508.843	5418.3
509.199	5439.0
509.555	5484.0
509.911	5495.0
510.266	5482.7
510.622	5576.0
510.978	5553.7
511.334	5580.7
511.691	5585.3
512.047	5630.0
512.403	5578.7
512.759	5604.3
513.115	5696.3
513.471	5681.0
513.827	5742.3
514.184	5756.0
514.540	5697.7
514.896	5750.3
515.252	5729.0
515.609	5726.7
515.965	5822.3
516.322	5759.7
516.678	5756.0
517.034	5799.3
517.391	5859.0
517.747	5792.7
518.104	5780.3
518.461	5805.3
518.817	5816.7
519.174	5778.3
519.530	5842.3
519.887	5826.7
520.244	5852.3
520.600	5874.7
520.957	5837.3
521.314	5860.0
521.671	5819.0
522.027	5805.7
522.384	5845.0
522.741	5811.0
523.098	5845.0
523.455	5785.0
523.812	5747.7
524.169	5832.7
524.526	5778.0
524.883	5800.7
525.240	5825.0
525.597	5715.7
525.954	5711.0
526.311	5651.3
526.668	5735.0
527.026	5728.3
527.383	5718.0
527.740	5670.7
528.097	5720.3
528.455	5681.7
528.812	5648.7
529.169	5643.0
529.527	5656.3
529.884	5608.3
530.241	5637.3
530.599	5540.3
530.956	5584.0
531.314	5508.0
531.671	5532.3
532.029	5559.3
532.387	5500.3
532.744	5578.3
533.102	5488.0
533.459	5524.0
533.817	5457.0
534.175	5413.7
534.532	5424.7
534.890	5414.7
535.248	5480.3
535.606	5419.0
535.964	5398.0
536.322	5343.3
536.679	5377.7
537.037	5304.3
537.395	5294.7
537.753	5280.3
538.111	5289.7
538.469	5279.0
538.827	5246.3
539.185	5197.0
539.543	5255.7
539.901	5246.3
540.260	5231.7
540.618	5110.0
540.976	5100.0
541.334	5125.3
541.692	5144.3
542.051	5117.7
542.409	5086.7
542.767	5148.0
543.126	5059.7
543.484	5056.7
543.842	5095.3
544.201	5024.0
544.559	5037.7
544.918	5023.0
545.276	5025.0
545.635	5007.0
545.993	5038.0
546.352	4979.3
546.711	5012.0
547.069	4971.3
547.428	5027.3
547.786	4949.7
548.145	4939.7
548.504	4967.3
548.863	4902.7
549.221	4902.0
549.580	4905.3
549.939	4888.0
550.298	4886.7
550.657	4828.0
551.016	4770.0
551.375	4772.7
551.734	4755.3
552.093	4802.3
552.452	4760.3
552.811	4764.3
553.170	4779.0
553.529	4797.3
553.888	4782.7
554.247	4690.0
554.606	4723.3
554.965	4711.3
555.324	4741.0
555.684	4693.7
556.043	4720.3
556.402	4655.7
556.762	4686.0
557.121	4714.7
557.480	4674.0
557.840	4652.7
558.199	4694.3
558.558	4649.0
558.918	4668.3
559.277	4645.3
559.637	4617.0
559.996	4633.0
560.356	4578.3
560.716	4598.3
561.075	4589.7
561.435	4590.7
561.794	4611.3
562.154	4585.0
562.514	4571.0
562.874	4532.7
563.233	4552.0
563.593	4562.7
563.953	4584.7
564.313	4538.0
564.673	4580.3
565.033	4561.3
565.392	4528.7
565.752	4488.7
566.112	4550.3
566.472	4525.7
566.832	4483.3
567.192	4524.0
567.552	4492.0
567.912	4458.3
568.273	4482.0
568.633	4503.3
568.993	4501.7
569.353	4452.0
569.713	4508.7
570.073	4505.3
570.434	4505.7
570.794	4447.0
571.154	4460.0
571.515	4430.3
571.875	4498.3
572.235	4393.3
572.596	4427.3
572.956	4375.3
573.317	4420.3
573.677	4402.3
574.038	4422.0
574.398	4416.3
574.759	4403.3
575.119	4387.0
575.480	4357.3
575.840	4385.3
576.201	4377.7
576.562	4413.0
576.922	4388.3
577.283	4378.0
577.644	4367.7
578.005	4309.3
578.365	4354.3
578.726	4345.7
579.087	4336.0
579.448	4308.3
579.809	4242.0
580.170	4357.0
580.531	4287.7
580.892	4252.0
581.253	4245.3
581.614	4220.7
581.975	4248.3
582.336	4245.3
582.697	4275.3
583.058	4242.3
583.419	4285.0
583.780	4246.7
584.141	4230.0
584.503	4178.3
584.864	4215.3
585.225	4165.7
585.586	4150.3
585.948	4205.7
586.309	4128.3
586.670	4149.0
587.032	4205.3
587.393	4111.0
587.754	4145.7
588.116	4141.7
588.477	4110.0
588.839	4064.7
589.200	4082.0
589.562	4176.0
589.923	4123.7
590.285	4027.0
590.647	4090.0
591.008	4056.7
591.370	4041.0
591.732	4027.7
592.093	4034.7
592.455	4013.0
592.817	3998.0
593.179	4031.3
593.540	4004.0
593.902	3970.7
594.264	3971.3
594.626	3988.3
594.988	3976.0
595.350	3908.3
595.712	3887.0
596.074	3870.3
596.436	3893.3
596.798	3949.3
597.160	3885.3
597.522	3901.7
597.884	3887.7
598.246	3875.7
598.608	3862.7
598.970	3855.0
599.332	3868.3
599.695	3871.3
600.057	3867.0
600.419	3821.7
600.781	3809.0
601.144	3823.3
601.506	3758.7
601.868	3791.7
602.231	3799.0
602.593	3730.7
602.956	3716.3
603.318	3706.7
603.680	3698.3
604.043	3675.7
604.405	3733.0
604.768	3650.7
605.131	3668.7
605.493	3627.7
605.856	3638.7
606.218	3573.3
606.581	3593.7
606.944	3590.3
607.306	3539.7
607.669	3588.0
608.032	3481.3
608.395	3560.3
608.757	3514.0
609.120	3458.3
609.483	3422.3
609.846	3432.7
610.209	3437.0
610.572	3457.7
610.935	3443.3
611.298	3416.7
611.661	3426.0
612.024	3475.3
612.387	3390.3
612.750	3380.7
613.113	3349.0
613.476	3369.7
613.839	3345.3
614.202	3341.7
614.565	3350.0
614.928	3251.3
615.292	3275.3
615.655	3327.7
616.018	3290.0
616.381	3255.7
616.745	3297.3
617.108	3234.7
617.471	3249.0
617.835	3231.7
618.198	3218.7
618.562	3172.0
618.925	3209.0
619.289	3196.0
619.652	3160.0
620.016	3159.0
620.379	3130.7
620.743	3173.0
621.106	3091.3
621.470	3099.7
621.833	3172.0
622.197	3052.0
622.561	3025.0
622.924	3001.0
623.288	2982.0
623.652	3007.7
624.016	2965.0
624.379	2994.0
624.743	2992.3
625.107	2957.3
625.471	2962.0
625.835	2936.7
626.199	2962.0
626.563	2865.7
626.927	2908.7
627.291	2904.3
627.655	2842.3
628.019	2807.7
628.383	2836.7
628.747	2814.7
629.111	2787.7
629.475	2771.0
629.839	2754.7
630.203	2745.0
630.567	2748.0
630.931	2716.7
631.296	2694.0
631.660	2680.3
632.024	2679.3
632.389	2670.0
632.753	2664.7
633.117	2634.3
633.481	2648.3
633.846	2592.7
634.210	2579.3
634.575	2561.7
634.939	2567.7
635.304	2563.7
635.668	2493.7
636.033	2510.7
636.397	2469.7
636.762	2466.7
637.126	2456.0
637.491	2428.3
637.855	2388.7
638.220	2397.3
638.585	2391.0
638.949	2356.3
639.314	2402.7
639.679	2371.7
640.044	2330.7
640.408	2302.0
640.773	2295.0
641.138	2287.7
641.503	2276.0
641.868	2246.3
642.233	2252.7
642.598	2199.0
642.963	2201.3
643.327	2166.7
643.692	2192.3
644.057	2201.7
644.422	2181.0
644.788	2134.0
645.153	2141.0
645.518	2102.0
645.883	2119.3
646.248	2098.0
646.613	2106.3
646.978	2058.7
647.343	2063.7
647.709	2071.0
648.074	2048.3
648.439	2043.0
648.804	2031.7
649.170	2001.7
649.535	2007.3
649.900	1968.0
650.266	1985.0
650.631	1980.0
650.997	1918.3
651.362	1924.3
651.728	1908.3
652.093	1931.0
652.459	1947.7
652.824	1899.0
653.190	1879.3
653.555	1888.7
653.921	1894.0
654.286	1877.0
654.652	1861.7
655.018	1839.0
655.383	1863.7
655.749	1809.0
656.115	1861.0
656.481	1818.0
656.846	1806.7
657.212	1806.3
657.578	1763.3
657.944	1748.7
658.310	1772.3
658.676	1770.0
659.041	1701.3
659.407	1712.3
659.773	1693.7
660.139	1682.7
660.505	1672.7
660.871	1697.3
661.237	1696.0
661.603	1643.7
661.969	1658.0
662.336	1643.0
662.702	1650.3
663.068	1627.0
663.434	1637.7
663.800	1605.0
664.166	1607.0
664.533	1592.7
664.899	1575.7
665.265	1603.3
665.631	1573.0
665.998	1589.0
666.364	1581.0
666.730	1536.3
667.097	1551.3
667.463	1534.3
667.830	1564.7
668.196	1520.3
668.562	1504.7
668.929	1544.3
669.295	1510.3
669.662	1497.3
670.028	1546.7
670.395	1482.0
670.762	1473.3
671.128	1483.7
671.495	1467.7
671.862	1499.7
672.228	1501.3
672.595	1467.7
672.962	1467.0
673.328	1418.0
673.695	1430.7
674.062	1422.3
674.429	1421.3
674.796	1430.0
675.162	1436.3
675.529	1404.3
675.896	1396.0
676.263	1392.3
676.630	1369.0
676.997	1365.7
677.364	1381.7
677.731	1389.3
678.098	1370.3
678.465	1328.0
678.832	1350.3
679.199	1341.7
679.566	1337.7
679.933	1334.7
680.300	1329.0
680.668	1336.7
681.035	1331.3
681.402	1317.7
681.769	1361.0
682.136	1313.3
682.504	1320.3
682.871	1308.0
683.238	1336.3
683.606	1304.3
683.973	1331.0
684.340	1320.0
684.708	1304.3
685.075	1254.7
685.442	1295.7
685.810	1286.0
686.177	1255.7
686.545	1249.0
686.912	1255.3
687.280	1272.7
687.647	1271.3
688.015	1259.0
688.383	1281.0
688.750	1265.0
689.118	1256.3
689.486	1213.3
689.853	1245.0
690.221	1248.3
690.589	1215.3
690.956	1259.3
691.324	1239.7
691.692	1239.7
692.060	1244.3
692.428	1227.0
692.795	1206.3
693.163	1179.7
693.531	1219.7
693.899	1198.0
694.267	1184.0
694.635	1197.7
695.003	1167.0
695.371	1181.7
695.739	1198.0
696.107	1202.3
696.475	1154.3
696.843	1160.7
697.211	1147.0
697.579	1149.7
697.947	1161.7
698.316	1163.0
698.684	1142.0
699.052	1161.0
699.420	1147.3
699.788	1142.0
700.157	1157.0
700.525	1131.0
700.893	1159.3
701.261	1150.7
701.630	1135.7
701.998	1146.7
702.367	1142.0
702.735	1167.7
703.103	1151.7
703.472	1154.7
703.840	1148.3
704.209	1123.7
704.577	1114.0
704.946	1125.3
705.314	1128.0
705.683	1127.3
706.051	1128.3
706.420	1137.7
706.789	1145.0
707.157	1103.3
707.526	1130.3
707.895	1112.0
708.263	1116.0
708.632	1118.3
709.001	1105.3
709.369	1093.7
709.738	1094.3
710.107	1096.0
710.476	1102.3
710.845	1104.3
711.214	1115.3
711.582	1096.7
711.951	1089.3
712.320	1094.0
712.689	1090.3
713.058	1099.7
713.427	1080.3
713.796	1109.3
714.165	1061.3
714.534	1072.0
714.903	1067.0
715.272	1060.0
715.641	1056.0
716.011	1044.0
716.380	1063.3
716.749	1073.0
717.118	1046.3
717.487	1057.7
717.856	1079.7
718.226	1065.3
718.595	1070.3
718.964	1060.0
719.333	1088.0
719.703	1057.0
720.072	1043.7
720.441	1070.7
720.811	1064.7
721.180	1068.3
721.550	1066.7
721.919	1039.3
722.289	1061.3
722.658	1048.7
723.027	1056.0
723.397	1054.0
723.767	1063.0
724.136	1065.3
724.506	1049.7
724.875	1041.3
725.245	1044.0
725.614	1054.0
725.984	1027.0
726.354	1072.3
726.723	1039.3
727.093	1037.0
727.463	1055.7
727.833	1050.3
728.202	1069.0
728.572	1038.3
728.942	1057.0
729.312	1054.3
729.682	1052.7
730.051	1042.0
730.421	1060.7
730.791	1050.0
731.161	1024.3
731.531	1027.7
731.901	1057.0
732.271	1045.0
732.641	1052.0
733.011	1034.3
733.381	1027.0
733.751	1019.7
734.121	1037.7
734.491	1037.7
734.861	1024.3
735.232	1024.7
735.602	1032.7
735.972	1004.0
736.342	1017.7
736.712	1015.0
737.082	978.0
737.453	982.0
737.823	1027.3
738.193	998.7
738.564	997.0
738.934	1023.0
739.304	1034.7
739.675	1008.0
740.045	1025.0
740.415	1018.7
740.786	978.0
741.156	1003.7
741.527	982.0
741.897	1024.0
742.268	997.3
742.638	1025.3
743.009	1008.7
743.379	979.3
743.750	1007.3
744.120	1003.3
744.491	1010.0
744.862	997.0
745.232	992.7
745.603	988.7
745.974	975.0
746.344	1003.0
746.715	992.7
747.086	999.3
747.457	994.3
747.827	965.0
748.198	987.0
748.569	989.7
748.940	983.7
749.311	993.3
749.681	994.3
750.052	987.7
750.423	976.7
750.794	944.3
751.165	972.0
751.536	984.0
751.907	989.0
752.278	975.0
752.649	965.7
753.020	977.7
753.391	983.3
753.762	996.3
754.133	974.0
754.504	986.3
754.876	983.7
755.247	973.0
755.618	983.7
755.989	971.0
756.360	961.0
756.731	978.0
757.103	983.0
757.474	963.7
757.845	972.3
758.217	950.7
758.588	952.3
758.959	980.3
759.331	961.0
759.702	959.0
760.073	978.7
760.445	985.7
760.816	957.3
761.188	959.3
761.559	978.7
761.931	959.0
762.302	973.7
762.674	965.3
763.045	977.3
763.417	954.0
763.788	990.7
764.160	956.3
764.531	957.7
764.903	977.0
765.275	979.3
765.646	986.3
766.018	994.7
766.390	975.3
766.761	987.7
767.133	968.3
767.505	975.7
767.877	1000.7
768.248	973.3
768.620	960.3
768.992	972.3
769.364	960.3
769.736	960.0
770.108	964.7
770.480	974.0
770.851	966.7
771.223	956.3
771.595	982.7
771.967	970.0
772.339	961.7
772.711	976.7
773.083	955.7
773.455	992.0
773.827	986.3
774.200	994.0
774.572	987.3
774.944	971.3
775.316	995.0
775.688	1004.0
776.060	974.0
776.432	981.0
776.805	959.7
777.177	991.0
777.549	1007.7
777.921	985.3
778.294	963.0
778.666	991.3
779.038	973.7
779.410	970.0
779.783	989.3
780.155	989.3
780.528	969.3
780.900	1013.0
781.272	971.3
781.645	991.0
782.017	956.7
782.390	972.7
782.762	983.3
783.135	978.7
783.507	987.0
783.880	997.0
784.252	984.0
784.625	988.7
784.998	989.7
785.370	1010.7
785.743	1008.0
786.115	989.7
786.488	989.7
786.861	1000.7
787.233	989.0
787.606	987.3
787.979	1017.7
788.352	1007.0
788.724	982.3
789.097	977.7
789.470	971.0
789.843	999.0
790.216	987.7
790.589	1004.0
790.961	975.7
791.334	988.3
791.707	975.0
792.080	985.0
792.453	988.0
792.826	976.3
793.199	997.3
793.572	979.0
793.945	987.0
794.318	976.3
794.691	996.7
795.064	1015.3
795.437	985.7
795.810	990.7
796.183	988.0
796.557	985.0
796.930	973.0
797.303	967.0
797.676	990.0
798.049	981.7
798.422	981.7
798.796	970.0
799.169	995.7
799.542	989.7
799.915	986.7
800.289	996.3
800.662	965.3
801.035	982.0
801.409	974.3
801.782	987.3
802.156	1001.3
802.529	1005.7
802.902	992.7
803.276	989.0
803.649	947.3
804.023	971.0
804.396	982.7
804.770	996.7
805.143	992.0
805.517	977.7
805.890	990.0
806.264	986.0
806.638	961.3
807.011	963.3
807.385	954.7
807.758	974.0
808.132	976.0
808.506	982.0
808.879	969.0
809.253	988.7
809.627	985.0
810.001	995.0
810.374	985.3
810.748	1001.0
811.122	997.3
811.496	1013.7
811.870	994.0
812.243	1006.7
812.617	994.0
812.991	1003.0
813.365	1031.3
813.739	999.7
814.113	983.0
814.487	974.3
814.861	978.3
815.235	991.3
815.609	975.7
815.983	977.3
816.357	991.3
816.731	992.0
817.105	997.3
817.479	998.3
817.853	997.0
818.227	998.0
818.601	1015.0
818.975	1009.7
819.350	998.7
819.724	981.0
820.098	985.7
820.472	997.7
820.846	1004.3
821.221	1005.7
821.595	993.3
821.969	993.3
822.343	983.7
822.718	977.3
823.092	990.3
823.466	997.0
823.841	998.3
824.215	995.7
824.589	969.7
824.964	1013.0
825.338	974.7
825.713	980.0
826.087	990.3
826.462	988.3
826.836	971.7
827.211	974.3
827.585	989.7
827.960	972.0
828.334	951.7
828.709	981.7
829.083	977.3
829.458	985.0
829.833	993.0
830.207	990.0
830.582	988.0
830.957	1000.3
831.331	994.7
831.706	995.3
832.081	976.3
832.455	987.7
832.830	967.0
833.205	976.3
833.580	980.3
833.954	997.3
834.329	993.7
834.704	1003.3
835.079	980.3
835.454	1013.7
835.829	980.0
836.203	998.3
836.578	968.3
836.953	999.7
837.328	984.0
837.703	998.0
838.078	984.0
838.453	978.3
838.828	998.3
839.203	980.3
839.578	971.3
839.953	981.3
840.328	987.7
840.703	1015.7
841.078	992.0
841.454	988.0
841.829	990.7
842.204	987.3
842.579	995.0
842.954	1000.0
843.329	977.0
843.704	994.0
844.080	987.7
844.455	975.0
844.830	968.7
845.205	1004.0
845.581	984.7
845.956	1007.7
846.331	995.3
846.707	995.0
847.082	997.0
847.457	993.7
847.833	980.3
848.208	986.0
848.584	994.3
848.959	980.0
849.334	971.7
849.710	1000.0
850.085	980.0
850.461	970.7
850.836	995.0
851.212	1003.3
851.587	984.0
851.963	992.3
852.338	992.0
852.714	1001.7
853.090	968.7
853.465	991.0
853.841	995.7
854.216	985.7
854.592	982.3
854.968	986.3
855.343	956.0
855.719	969.0
856.095	971.3
856.471	989.3
856.846	986.0
857.222	931.7
857.598	958.7
857.974	971.0
858.349	946.7
858.725	946.3
859.101	925.3
859.477	957.3
859.853	930.7
860.229	948.7
860.605	955.0
860.980	917.3
861.356	972.7
861.732	980.3
862.108	956.7
862.484	950.0
862.860	972.0
863.236	937.3
863.612	920.7
863.988	957.3
864.364	937.3
864.740	953.3
865.116	953.0
865.493	946.3
865.869	955.3
866.245	947.7
866.621	944.3
866.997	949.7
867.373	929.7
867.749	967.0
868.126	961.0
868.502	964.3
868.878	921.0
869.254	940.0
869.631	947.0
870.007	959.0
870.383	948.3
870.759	950.0
871.136	943.7
871.512	942.0
871.888	933.0
872.265	950.0
872.641	943.7
873.017	957.7
873.394	951.0
873.770	947.7
874.147	938.3
874.523	965.7
874.900	959.7
875.276	950.7
875.653	947.3
876.029	950.0
876.406	954.0
876.782	976.3
877.159	947.0
877.535	981.7
877.912	962.0
878.288	966.7
878.665	963.3
879.042	980.7
879.418	962.7
879.795	987.3
880.172	966.7
880.548	993.3
880.925	981.0
881.302	984.3
881.678	984.0
882.055	990.0
882.432	975.0
882.809	1003.7
883.185	1006.0
883.562	971.3
883.939	969.0
884.316	978.7
884.693	980.3
885.070	975.7
885.446	986.3
885.823	996.7
886.200	961.7
886.577	998.3
886.954	995.3
887.331	970.7
887.708	973.0
888.085	991.0
888.462	981.0
888.839	993.7
889.216	991.0
889.593	994.3
889.970	997.7
890.347	973.7
890.724	972.3
891.101	997.0
891.478	974.7
891.855	1003.0
892.232	980.3
892.610	995.3
892.987	985.7
893.364	986.3
893.741	991.0
894.118	1011.3
894.495	972.0
894.873	1035.3
895.250	1004.3
895.627	992.0
896.004	988.0
896.382	973.0
896.759	997.3
897.136	976.0
897.514	994.7
897.891	969.3
898.268	981.0
898.646	985.3
899.023	978.7
899.400	995.0
899.778	976.0
900.155	992.0
900.533	977.7
900.910	967.0
901.288	973.0
901.665	971.7
902.043	977.0
902.420	971.3
902.798	961.3
903.175	969.0
903.553	969.3
903.930	983.7
904.308	962.7
904.685	994.0
905.063	985.7
905.441	986.0
905.818	976.7
906.196	999.7
906.573	978.7
906.951	985.0
907.329	989.3
907.707	997.0
908.084	988.7
908.462	970.7
908.840	972.7
909.217	972.0
909.595	985.3
909.973	975.3
910.351	992.0
910.729	1009.0
911.106	993.0
911.484	1010.7
911.862	968.0
912.240	999.7
912.618	1014.0
912.996	1022.7
913.373	1002.0
913.751	975.7
914.129	987.7
914.507	984.7
914.885	996.0
915.263	1023.0
