186.832	600.7
187.157	922.0
187.483	928.0
187.808	955.0
188.134	937.7
188.459	936.0
188.785	936.3
189.110	934.7
189.436	918.3
189.761	940.7
190.087	920.0
190.413	919.7
190.739	915.0
191.064	933.3
191.390	920.0
191.716	919.0
192.042	943.3
192.368	941.7
192.694	915.0
193.020	916.3
193.346	929.7
193.672	930.3
193.998	919.3
194.324	912.3
194.651	928.7
194.977	922.0
195.303	932.0
195.629	936.0
195.956	911.3
196.282	943.3
196.609	901.3
196.935	917.3
197.261	918.3
197.588	923.0
197.915	913.0
198.241	920.7
198.568	911.7
198.895	933.3
199.221	897.7
199.548	919.0
199.875	935.0
200.202	919.7
200.529	900.3
200.856	934.7
201.182	911.3
201.509	914.0
201.837	914.7
202.164	926.0
202.491	923.0
202.818	936.0
203.145	912.3
203.472	922.3
203.799	899.0
204.127	924.3
204.454	921.0
204.781	903.7
205.109	920.7
205.436	905.3
205.764	895.3
206.091	903.0
206.419	908.3
206.746	923.7
207.074	881.3
207.402	921.3
207.729	904.7
208.057	925.0
208.385	926.7
208.713	918.0
209.041	908.3
209.369	940.3
209.696	893.3
210.024	930.7
210.352	909.3
210.680	935.0
211.009	932.0
211.337	948.0
211.665	920.0
211.993	948.3
212.321	924.7
212.650	937.3
212.978	931.7
213.306	941.0
213.635	909.7
213.963	932.7
214.291	940.7
214.620	937.3
214.948	905.0
215.277	928.3
215.606	932.3
215.934	965.7
216.263	914.7
216.592	934.3
216.920	915.7
217.249	919.3
217.578	929.0
217.907	933.3
218.236	910.3
218.565	932.3
218.894	922.0
219.223	935.3
219.552	930.3
219.881	951.3
220.210	913.0
220.539	921.3
220.868	914.3
221.197	943.0
221.527	932.0
221.856	928.0
222.185	922.3
222.515	937.3
222.844	931.3
223.173	946.0
223.503	946.0
223.832	940.7
224.162	924.7
224.492	948.3
224.821	903.0
225.151	937.0
225.481	927.0
225.810	932.0
226.140	921.0
226.470	928.0
226.800	907.0
227.130	943.0
227.460	917.7
227.790	941.7
228.120	910.7
228.450	924.0
228.780	912.0
229.110	942.3
229.440	927.0
229.770	963.0
230.100	944.3
230.431	968.7
230.761	943.0
231.091	956.3
231.422	946.0
231.752	962.3
232.082	932.3
232.413	955.7
232.743	932.0
233.074	935.0
233.404	928.7
233.735	945.0
234.066	947.0
234.396	946.7
234.727	926.7
235.058	952.3
235.389	955.7
235.719	946.7
236.050	932.3
236.381	954.3
236.712	940.0
237.043	947.7
237.374	950.7
237.705	956.3
238.036	949.0
238.367	971.7
238.699	958.7
239.030	948.0
239.361	950.0
239.692	961.7
240.024	919.3
240.355	941.3
240.686	937.7
241.018	957.3
241.349	930.0
241.681	945.0
242.012	955.0
242.344	951.7
242.675	947.0
243.007	961.7
243.339	992.3
243.670	953.3
244.002	942.0
244.334	937.3
244.666	960.7
244.997	975.0
245.329	959.3
245.661	957.0
245.993	950.3
246.325	976.0
246.657	936.7
246.989	957.0
247.321	958.3
247.654	949.7
247.986	918.7
248.318	965.7
248.650	936.0
248.982	944.7
249.315	937.7
249.647	954.3
249.979	932.0
250.312	941.3
250.644	956.0
250.977	957.3
251.309	936.0
251.642	947.7
251.974	941.7
252.307	942.0
252.640	936.0
252.972	938.0
253.305	931.0
253.638	946.7
253.971	966.7
254.304	958.3
254.637	946.3
254.969	947.0
255.302	953.3
255.635	965.0
255.968	933.3
256.301	945.7
256.635	921.3
256.968	952.0
257.301	942.3
257.634	939.7
257.967	932.7
258.301	942.7
258.634	935.7
258.967	930.0
259.301	955.3
259.634	950.3
259.967	938.3
260.301	938.7
260.634	929.3
260.968	929.7
261.302	924.7
261.635	963.3
261.969	943.7
262.303	923.7
262.636	938.7
262.970	945.7
263.304	927.0
263.638	952.7
263.972	933.0
264.306	950.0
264.639	948.7
264.973	948.0
265.307	925.0
265.642	935.3
265.976	938.7
266.310	946.7
266.644	931.7
266.978	958.3
267.312	941.7
267.647	959.7
267.981	941.0
268.315	959.7
268.650	928.7
268.984	930.7
269.318	954.0
269.653	949.7
269.987	938.0
270.322	958.7
270.656	950.3
270.991	933.7
271.326	932.7
271.660	958.0
271.995	932.7
272.330	938.0
272.665	938.0
272.999	931.0
273.334	944.0
273.669	972.3
274.004	955.7
274.339	942.3
274.674	929.0
275.009	948.0
275.344	932.7
275.679	954.3
276.014	942.7
276.350	955.3
276.685	941.7
277.020	941.0
277.355	944.0
277.691	963.3
278.026	936.3
278.361	974.7
278.697	941.7
279.032	947.3
279.368	950.0
279.703	966.0
280.039	933.3
280.374	952.3
280.710	944.0
281.046	951.3
281.381	928.0
281.717	960.0
282.053	934.0
282.389	942.3
282.724	928.7
283.060	928.7
283.396	915.3
283.732	946.0
284.068	948.3
284.404	911.7
284.740	941.3
285.076	954.7
285.412	935.3
285.748	937.0
286.085	926.7
286.421	957.0
286.757	925.3
287.093	934.0
287.430	956.3
287.766	934.0
288.102	935.7
288.439	930.3
288.775	933.0
289.112	952.3
289.448	906.7
289.785	941.0
290.121	938.7
290.458	947.0
290.795	924.7
291.131	922.7
291.468	935.7
291.805	942.7
292.142	940.0
292.478	943.0
292.815	925.3
293.152	931.0
293.489	913.0
293.826	928.0
294.163	904.3
294.500	931.0
294.837	903.7
295.174	955.3
295.511	927.3
295.849	918.3
296.186	906.3
296.523	935.3
296.860	943.0
297.198	955.0
297.535	908.3
297.872	930.3
298.210	933.7
298.547	929.0
298.885	931.0
299.222	931.3
299.560	922.3
299.897	939.3
300.235	913.0
300.572	946.7
300.910	914.0
301.248	926.0
301.586	915.3
301.923	933.7
302.261	925.7
302.599	953.7
302.937	918.3
303.275	923.0
303.613	921.0
303.951	940.0
304.289	924.0
304.627	948.7
304.965	925.0
305.303	926.7
305.641	928.3
305.979	923.7
306.318	929.0
306.656	937.3
306.994	937.7
307.332	904.0
307.671	920.3
308.009	949.3
308.348	916.3
308.686	922.7
309.025	932.3
309.363	948.3
309.702	930.7
310.040	914.3
310.379	916.3
310.718	936.7
311.056	934.7
311.395	934.7
311.734	902.7
312.072	941.3
312.411	907.3
312.750	932.0
313.089	935.7
313.428	938.0
313.767	913.3
314.106	938.3
314.445	915.0
314.784	905.7
315.123	899.7
315.462	929.3
315.801	932.3
316.141	919.0
316.480	916.3
316.819	917.0
317.158	908.7
317.498	930.3
317.837	910.3
318.176	910.3
318.516	914.0
318.855	922.3
319.195	905.7
319.534	919.7
319.874	920.0
320.213	927.3
320.553	923.7
320.893	931.7
321.232	915.7
321.572	892.0
321.912	924.0
322.252	930.3
322.592	926.7
322.931	925.0
323.271	929.3
323.611	934.7
323.951	916.7
324.291	928.3
324.631	922.7
324.971	900.0
325.311	901.7
325.651	923.3
325.992	930.3
326.332	936.7
326.672	910.7
327.012	927.0
327.353	929.0
327.693	924.3
328.033	932.0
328.374	917.7
328.714	932.0
329.055	937.0
329.395	923.7
329.736	949.3
330.076	912.3
330.417	944.3
330.757	949.3
331.098	942.7
331.439	942.7
331.779	945.0
332.120	930.0
332.461	920.0
332.802	920.7
333.143	915.0
333.483	925.7
333.824	953.3
334.165	922.0
334.506	952.0
334.847	949.0
335.188	933.0
335.529	949.0
335.870	925.7
336.212	929.3
336.553	928.0
336.894	928.0
337.235	934.0
337.576	920.3
337.918	951.0
338.259	934.3
338.600	923.7
338.942	932.0
339.283	936.0
339.625	933.0
339.966	925.0
340.308	949.0
340.649	954.7
340.991	915.0
341.333	929.0
341.674	940.0
342.016	911.7
342.358	930.7
342.699	925.0
343.041	943.7
343.383	922.3
343.725	934.0
344.067	945.7
344.409	919.3
344.751	930.3
345.093	935.7
345.435	939.3
345.777	938.0
346.119	962.3
346.461	941.3
346.803	922.3
347.145	932.0
347.488	922.3
347.830	928.0
348.172	939.0
348.514	913.7
348.857	942.7
349.199	918.0
349.541	930.0
349.884	913.0
350.226	925.3
350.569	930.7
350.911	953.3
351.254	928.3
351.597	904.3
351.939	936.0
352.282	911.7
352.625	931.3
352.967	945.7
353.310	917.7
353.653	932.7
353.996	912.7
354.339	929.0
354.681	926.7
355.024	931.0
355.367	924.3
355.710	917.3
356.053	923.7
356.396	930.3
356.739	918.7
357.083	935.3
357.426	931.7
357.769	913.3
358.112	902.3
358.455	901.3
358.799	912.3
359.142	900.0
359.485	900.3
359.829	891.0
360.172	895.0
360.515	915.3
360.859	864.3
361.202	904.7
361.546	900.0
361.889	911.3
362.233	893.7
362.577	895.0
362.920	908.0
363.264	907.0
363.608	898.0
363.951	923.3
364.295	902.3
364.639	914.0
364.983	906.0
365.327	918.7
365.671	903.7
366.015	925.3
366.359	950.3
366.703	930.3
367.047	908.0
367.391	928.7
367.735	918.7
368.079	912.7
368.423	922.7
368.767	911.7
369.111	913.7
369.456	927.3
369.800	919.3
370.144	926.3
370.489	920.7
370.833	924.0
371.177	913.7
371.522	953.0
371.866	925.0
372.211	937.0
372.555	941.0
372.900	921.7
373.245	924.0
373.589	939.3
373.934	920.0
374.279	917.7
374.623	940.3
374.968	934.7
375.313	922.3
375.658	913.7
376.003	943.7
376.347	948.0
376.692	935.0
377.037	930.7
377.382	920.3
377.727	940.7
378.072	935.3
378.417	928.3
378.762	937.0
379.108	957.3
379.453	943.3
379.798	930.3
380.143	903.7
380.488	936.7
380.834	927.0
381.179	935.0
381.524	913.0
381.870	921.7
382.215	913.0
382.561	930.0
382.906	915.0
383.252	955.3
383.597	903.3
383.943	947.0
384.288	911.7
384.634	923.7
384.980	922.0
385.325	925.0
385.671	929.3
386.017	910.3
386.363	936.3
386.708	907.0
387.054	926.7
387.400	937.3
387.746	918.7
388.092	931.0
388.438	921.0
388.784	950.0
389.130	927.0
389.476	919.0
389.822	937.7
390.168	948.7
390.514	962.3
390.860	944.3
391.207	928.3
391.553	961.0
391.899	928.0
392.246	966.0
392.592	953.7
392.938	955.3
393.285	934.3
393.631	954.7
393.978	945.0
394.324	958.7
394.671	944.7
395.017	950.3
395.364	957.7
395.710	950.7
396.057	953.0
396.404	933.3
396.750	965.7
397.097	970.3
397.444	948.7
397.791	970.7
398.137	954.7
398.484	951.3
398.831	946.7
399.178	946.3
399.525	928.0
399.872	960.3
400.219	948.0
400.566	974.7
400.913	943.0
401.260	961.7
401.607	945.3
401.955	965.3
402.302	956.7
402.649	975.7
402.996	953.7
403.344	956.7
403.691	969.7
404.038	978.0
404.386	950.7
404.733	974.0
405.080	949.7
405.428	960.7
405.775	957.0
406.123	965.7
406.470	952.7
406.818	958.0
407.166	948.3
407.513	956.3
407.861	978.0
408.209	973.0
408.556	969.7
408.904	1004.7
409.252	967.0
409.600	970.3
409.948	972.3
410.296	981.0
410.643	976.3
410.991	981.3
411.339	975.7
411.687	984.7
412.035	958.7
412.383	985.3
412.732	959.7
413.080	970.7
413.428	965.0
413.776	972.0
414.124	973.0
414.473	994.0
414.821	986.7
415.169	991.7
415.517	969.0
415.866	976.3
416.214	959.3
416.563	986.0
416.911	970.0
417.260	979.7
417.608	1007.0
417.957	975.0
418.305	977.3
418.654	1001.7
419.002	991.3
419.351	986.7
419.700	979.7
420.049	997.0
420.397	995.0
420.746	998.3
421.095	994.3
421.444	1005.3
421.793	988.3
422.141	998.0
422.490	996.7
422.839	995.7
423.188	995.0
423.537	997.7
423.886	996.7
424.236	982.7
424.585	993.3
424.934	1012.0
425.283	994.0
425.632	1029.0
425.981	998.0
426.331	1018.7
426.680	972.0
427.029	1010.3
427.379	982.3
427.728	1016.3
428.077	1016.3
428.427	1009.0
428.776	993.7
429.126	997.7
429.475	1004.0
429.825	1007.0
430.174	999.0
430.524	1003.0
430.874	993.7
431.223	1000.7
431.573	996.7
431.923	1010.0
432.273	987.7
432.622	1004.0
432.972	986.0
433.322	1006.0
433.672	1024.0
434.022	1008.3
434.372	986.3
434.722	984.7
435.072	1011.3
435.422	1004.3
435.772	992.7
436.122	1008.0
436.472	981.7
436.822	997.7
437.172	990.7
437.522	1000.0
437.873	1006.3
438.223	1007.0
438.573	1002.3
438.923	1010.7
439.274	1000.3
439.624	992.0
439.975	1015.7
440.325	1001.3
440.675	997.3
441.026	996.3
441.376	987.3
441.727	1008.0
442.078	1000.7
442.428	1008.3
442.779	988.3
443.130	1020.7
443.480	980.0
443.831	990.3
444.182	990.3
444.532	997.3
444.883	999.0
445.234	1008.0
445.585	981.0
445.936	1004.7
446.287	1012.7
446.638	1002.3
446.989	1008.0
447.340	1012.0
447.691	998.0
448.042	1020.7
448.393	979.7
448.744	1024.0
449.095	993.7
449.446	1009.0
449.798	1015.3
450.149	1033.0
450.500	1009.7
450.851	988.0
451.203	1011.7
451.554	1020.7
451.905	1015.0
452.257	1000.3
452.608	1016.3
452.960	1020.3
453.311	1005.7
453.663	1009.0
454.014	1011.0
454.366	998.0
454.718	1034.7
455.069	1042.3
455.421	1041.3
455.773	1015.7
456.124	1025.0
456.476	1057.0
456.828	1044.7
457.180	1024.0
457.531	1049.0
457.883	1069.3
458.235	1009.7
458.587	1042.7
458.939	1056.0
459.291	1063.3
459.643	1053.3
459.995	1068.3
460.347	1056.7
460.699	1095.0
461.051	1063.3
461.404	1074.3
461.756	1062.3
462.108	1071.0
462.460	1082.7
462.812	1105.3
463.165	1106.0
463.517	1114.7
463.869	1098.7
464.222	1156.0
464.574	1127.7
464.927	1128.0
465.279	1130.0
465.632	1152.7
465.984	1141.0
466.337	1163.3
466.689	1164.3
467.042	1175.3
467.394	1195.7
467.747	1187.7
468.100	1166.3
468.452	1189.0
468.805	1207.0
469.158	1225.7
469.511	1227.3
469.864	1264.3
470.216	1238.7
470.569	1251.0
470.922	1277.3
471.275	1276.0
471.628	1299.0
471.981	1306.0
472.334	1344.7
472.687	1327.0
473.040	1343.7
473.393	1358.0
473.747	1387.3
474.100	1401.3
474.453	1428.0
474.806	1434.3
475.159	1478.7
475.513	1473.0
475.866	1491.0
476.219	1504.0
476.573	1545.7
476.926	1563.0
477.279	1589.0
477.633	1612.7
477.986	1619.0
478.340	1628.0
478.693	1664.7
479.047	1683.7
479.400	1717.7
479.754	1735.3
480.108	1772.0
480.461	1811.3
480.815	1846.3
481.169	1869.3
481.522	1875.7
481.876	1948.3
482.230	1943.0
482.584	2019.7
482.938	2026.0
483.292	2071.0
483.646	2105.7
483.999	2143.3
484.353	2195.3
484.707	2234.7
485.061	2287.7
485.416	2327.7
485.770	2352.3
486.124	2396.0
486.478	2471.0
486.832	2501.3
487.186	2577.0
487.540	2618.3
487.895	2653.7
488.249	2731.7
488.603	2789.3
488.957	2818.3
489.312	2850.7
489.666	2955.7
490.021	3053.7
490.375	3099.3
490.730	3172.0
491.084	3240.7
491.439	3264.0
491.793	3300.0
492.148	3375.3
492.502	3489.3
492.857	3564.3
493.211	3608.0
493.566	3730.0
493.921	3800.0
494.276	3843.7
494.630	3917.7
494.985	3988.7
495.340	4098.3
495.695	4169.0
496.050	4271.3
496.405	4303.0
496.759	4473.3
497.114	4499.0
497.469	4604.3
497.824	4689.3
498.179	4732.0
498.534	4898.0
498.890	5003.3
499.245	5054.3
499.600	5163.3
499.955	5267.0
500.310	5307.0
500.665	5507.3
501.021	5606.0
501.376	5617.3
501.731	5720.0
502.087	5809.3
502.442	5952.7
502.797	5972.3
503.153	6111.3
503.508	6088.3
503.864	6244.3
504.219	6360.3
504.575	6497.0
504.930	6507.3
505.286	6620.7
505.641	6710.3
505.997	6957.0
506.353	6976.0
506.708	7086.3
507.064	7080.7
507.420	7257.0
507.775	7214.0
508.131	7333.7
508.487	7492.7
508.843	7523.7
509.199	7605.7
509.555	7742.7
509.911	7751.0
510.266	7873.3
510.622	7913.0
510.978	7971.3
511.334	8011.0
511.691	8090.3
512.047	8174.3
512.403	8104.7
512.759	8226.7
513.115	8240.0
513.471	8340.3
513.827	8304.0
514.184	8327.3
514.540	8399.3
514.896	8492.7
515.252	8476.3
515.609	8433.0
515.965	8474.7
516.322	8534.3
516.678	8440.7
517.034	8536.7
517.391	8402.3
517.747	8510.0
518.104	8425.0
518.461	8417.7
518.817	8454.3
519.174	8301.7
519.530	8376.0
519.887	8258.0
520.244	8265.7
520.600	8213.3
520.957	8186.3
521.314	8166.7
521.671	8093.3
522.027	8060.0
522.384	8032.3
522.741	7903.3
523.098	7896.3
523.455	7819.0
523.812	7658.7
524.169	7651.3
524.526	7583.0
524.883	7546.3
525.240	7486.0
525.597	7326.0
525.954	7275.0
526.311	7217.0
526.668	7132.7
527.026	7043.0
527.383	6953.7
527.740	6896.3
528.097	6844.3
528.455	6670.3
528.812	6630.7
529.169	6547.7
529.527	6476.3
529.884	6387.3
530.241	6320.7
530.599	6213.0
530.956	6138.7
531.314	5990.7
531.671	5953.7
532.029	5854.3
532.387	5714.0
532.744	5687.3
533.102	5591.3
533.459	5485.3
533.817	5402.3
534.175	5309.7
534.532	5265.7
534.890	5172.7
535.248	5205.7
535.606	5082.3
535.964	4998.3
536.322	4901.0
536.679	4858.0
537.037	4764.0
537.395	4672.3
537.753	4623.0
538.111	4521.3
538.469	4459.7
538.827	4321.0
539.185	4325.3
539.543	4280.0
539.901	4214.0
540.260	4103.0
540.618	4090.3
540.976	4000.0
541.334	3979.3
541.692	3923.0
542.051	3846.0
542.409	3789.7
542.767	3674.7
543.126	3637.7
543.484	3581.7
543.842	3596.7
544.201	3511.7
544.559	3433.0
544.918	3426.3
545.276	3300.3
545.635	3306.7
545.993	3284.0
546.352	3189.7
546.711	3153.3
547.069	3120.7
547.428	3037.0
547.786	3021.7
548.145	2978.0
548.504	2922.0
548.863	2928.0
549.221	2831.7
549.580	2807.7
549.939	2747.3
550.298	2718.0
550.657	2700.0
551.016	2682.7
551.375	2626.7
551.734	2589.3
552.093	2565.3
552.452	2553.3
552.811	2440.7
553.170	2476.3
553.529	2403.7
553.888	2386.3
554.247	2342.7
554.606	2336.3
554.965	2322.0
555.324	2300.3
555.684	2245.3
556.043	2215.0
556.402	2170.0
556.762	2189.0
557.121	2150.7
557.480	2123.0
557.840	2086.3
558.199	2082.0
558.558	2010.7
558.918	2019.0
559.277	2032.0
559.637	1997.3
559.996	1984.3
560.356	1980.7
560.716	1917.3
561.075	1893.3
561.435	1863.3
561.794	1867.7
562.154	1835.7
562.514	1819.3
562.874	1783.3
563.233	1811.0
563.593	1767.7
563.953	1775.0
564.313	1738.0
564.673	1735.0
565.033	1713.7
565.392	1693.7
565.752	1691.3
566.112	1662.0
566.472	1679.0
566.832	1626.0
567.192	1633.3
567.552	1615.0
567.912	1582.0
568.273	1563.3
568.633	1586.7
568.993	1571.3
569.353	1566.0
569.713	1539.0
570.073	1513.3
570.434	1525.3
570.794	1530.0
571.154	1527.7
571.515	1480.7
571.875	1482.3
572.235	1466.3
572.596	1442.7
572.956	1409.7
573.317	1436.0
573.677	1445.7
574.038	1422.3
574.398	1410.3
574.759	1405.3
575.119	1393.0
575.480	1381.7
575.840	1384.7
576.201	1366.7
576.562	1355.7
576.922	1340.7
577.283	1346.7
577.644	1300.3
578.005	1319.3
578.365	1323.7
578.726	1326.0
579.087	1308.0
579.448	1262.7
579.809	1294.7
580.170	1312.7
580.531	1270.7
580.892	1260.0
581.253	1247.3
581.614	1247.7
581.975	1252.7
582.336	1235.7
582.697	1253.3
583.058	1238.7
583.419	1245.0
583.780	1224.0
584.141	1220.7
584.503	1199.7
584.864	1216.7
585.225	1223.3
585.586	1205.0
585.948	1202.3
586.309	1173.3
586.670	1196.3
587.032	1175.0
587.393	1192.7
587.754	1186.0
588.116	1153.0
588.477	1159.0
588.839	1140.3
589.200	1160.0
589.562	1160.3
589.923	1175.0
590.285	1140.3
590.647	1148.7
591.008	1144.3
591.370	1134.3
591.732	1144.0
592.093	1145.3
592.455	1115.7
592.817	1128.3
593.179	1104.3
593.540	1123.3
593.902	1110.7
594.264	1116.7
594.626	1115.0
594.988	1118.0
595.350	1081.3
595.712	1098.7
596.074	1087.7
596.436	1069.0
596.798	1098.3
597.160	1080.0
597.522	1093.0
597.884	1084.0
598.246	1079.3
598.608	1085.3
598.970	1090.0
599.332	1088.3
599.695	1098.7
600.057	1080.3
600.419	1082.7
600.781	1059.3
601.144	1070.3
601.506	1060.3
601.868	1058.7
602.231	1086.0
602.593	1041.3
602.956	1056.0
603.318	1078.0
603.680	1050.3
604.043	1064.0
604.405	1056.0
604.768	1035.7
605.131	1061.0
605.493	1056.3
605.856	1068.3
606.218	1008.3
606.581	1043.3
606.944	1053.0
607.306	1038.0
607.669	1042.7
608.032	1030.7
608.395	1053.0
608.757	1067.7
609.120	1018.3
609.483	1034.3
609.846	1008.0
610.209	1027.0
610.572	1038.7
610.935	1056.3
611.298	1050.0
611.661	1025.3
612.024	1027.0
612.387	1037.3
612.750	1032.7
613.113	1016.7
613.476	1022.0
613.839	1038.3
614.202	1019.7
614.565	1031.7
614.928	1019.0
615.292	1034.7
615.655	1025.3
616.018	1021.3
616.381	997.0
616.745	1019.3
617.108	998.7
617.471	1016.0
617.835	984.0
618.198	1016.7
618.562	992.3
618.925	1012.0
619.289	999.3
619.652	1021.7
620.016	1003.0
620.379	1000.3
620.743	1014.3
621.106	988.3
621.470	1012.0
621.833	1012.3
622.197	1005.3
622.561	993.7
622.924	996.7
623.288	996.7
623.652	1015.0
624.016	1008.7
624.379	1001.0
624.743	991.7
625.107	987.3
625.471	999.3
625.835	1001.7
626.199	1018.7
626.563	986.3
626.927	1006.0
627.291	1011.3
627.655	994.7
628.019	976.3
628.383	983.0
628.747	962.7
629.111	996.0
629.475	997.7
629.839	997.3
630.203	985.7
630.567	1001.0
630.931	994.7
631.296	1005.7
631.660	994.7
632.024	1020.0
632.389	981.3
632.753	984.7
633.117	979.7
633.481	994.7
633.846	975.0
634.210	994.0
634.575	987.0
634.939	1006.0
635.304	995.7
635.668	961.3
636.033	1005.7
636.397	977.0
636.762	985.7
637.126	992.3
637.491	998.3
637.855	980.3
638.220	974.3
638.585	980.7
638.949	969.0
639.314	995.7
639.679	988.0
640.044	979.3
640.408	987.0
640.773	978.3
641.138	972.3
641.503	982.0
641.868	948.0
642.233	992.0
642.598	958.0
642.963	968.0
643.327	953.7
643.692	967.3
644.057	945.0
644.422	962.3
644.788	947.3
645.153	978.3
645.518	951.0
645.883	974.0
646.248	949.0
646.613	980.7
646.978	951.3
647.343	971.7
647.709	978.0
648.074	959.7
648.439	967.0
648.804	967.3
649.170	962.0
649.535	964.0
649.900	951.0
650.266	947.3
650.631	970.3
650.997	967.0
651.362	973.7
651.728	953.3
652.093	972.3
652.459	994.7
652.824	955.7
653.190	958.0
653.555	955.7
653.921	989.0
654.286	989.0
654.652	967.3
655.018	956.3
655.383	970.0
655.749	953.3
656.115	989.0
656.481	998.0
656.846	990.3
657.212	952.7
657.578	968.7
657.944	966.3
658.310	982.0
658.676	968.3
659.041	957.0
659.407	948.3
659.773	952.3
660.139	950.3
660.505	965.3
660.871	956.3
661.237	996.3
661.603	941.7
661.969	961.7
662.336	957.3
662.702	977.3
663.068	958.0
663.434	977.3
663.800	949.3
664.166	978.0
664.533	963.7
664.899	968.3
665.265	979.3
665.631	979.7
665.998	977.3
666.364	968.0
666.730	953.7
667.097	968.3
667.463	967.0
667.830	966.0
668.196	949.3
668.562	947.7
668.929	966.7
669.295	957.7
669.662	962.7
670.028	986.7
670.395	966.3
670.762	961.7
671.128	969.3
671.495	965.7
671.862	986.0
672.228	953.7
672.595	972.0
672.962	970.3
673.328	960.3
673.695	958.7
674.062	973.0
674.429	966.7
674.796	967.7
675.162	981.3
675.529	945.7
675.896	947.0
676.263	959.0
676.630	959.7
676.997	952.3
677.364	950.7
677.731	978.3
678.098	961.3
678.465	936.3
678.832	950.0
679.199	935.7
679.566	958.7
679.933	954.0
680.300	942.0
680.668	964.7
681.035	969.0
681.402	938.3
681.769	973.7
682.136	956.3
682.504	972.0
682.871	968.7
683.238	983.3
683.606	956.7
683.973	989.0
684.340	982.3
684.708	980.7
685.075	946.0
685.442	986.3
685.810	986.3
686.177	951.0
686.545	953.0
686.912	954.7
687.280	969.3
687.647	964.7
688.015	971.7
688.383	977.3
688.750	960.7
689.118	979.3
689.486	953.3
689.853	966.3
690.221	959.7
690.589	956.0
690.956	981.0
691.324	973.0
691.692	961.3
692.060	976.0
692.428	971.7
692.795	943.7
693.163	934.7
693.531	966.7
693.899	943.7
694.267	936.7
694.635	958.3
695.003	932.3
695.371	937.7
695.739	963.0
696.107	949.7
696.475	934.7
696.843	937.3
697.211	938.3
697.579	930.7
697.947	939.3
698.316	937.7
698.684	924.0
699.052	953.0
699.420	945.3
699.788	928.0
700.157	948.0
700.525	933.0
700.893	958.7
701.261	957.3
701.630	939.7
701.998	957.3
702.367	950.3
702.735	955.3
703.103	957.3
703.472	947.7
703.840	963.0
704.209	949.7
704.577	941.0
704.946	946.3
705.314	962.7
705.683	952.7
706.051	963.7
706.420	965.0
706.789	967.7
707.157	945.3
707.526	967.3
707.895	945.7
708.263	970.0
708.632	964.7
709.001	964.0
709.369	927.3
709.738	928.0
710.107	943.7
710.476	946.0
710.845	958.3
711.214	985.3
711.582	963.0
711.951	959.7
712.320	953.3
712.689	944.7
713.058	952.7
713.427	963.7
713.796	956.0
714.165	934.0
714.534	935.3
714.903	942.3
715.272	915.7
715.641	930.3
716.011	927.3
716.380	937.3
716.749	947.3
717.118	926.0
717.487	945.0
717.856	956.7
718.226	948.0
718.595	962.7
718.964	937.7
719.333	970.7
719.703	946.0
720.072	939.0
720.441	946.7
720.811	953.7
721.180	950.7
721.550	951.3
721.919	937.0
722.289	953.7
722.658	951.0
723.027	943.0
723.397	947.3
723.767	955.7
724.136	961.7
724.506	954.7
724.875	946.7
725.245	949.3
725.614	970.0
725.984	938.3
726.354	977.0
726.723	948.7
727.093	948.3
727.463	957.0
727.833	965.0
728.202	964.0
728.572	948.3
728.942	965.0
729.312	967.3
729.682	962.7
730.051	969.7
730.421	972.3
730.791	954.3
731.161	945.7
731.531	951.3
731.901	964.7
732.271	968.0
732.641	982.0
733.011	960.7
733.381	939.0
733.751	949.0
734.121	948.3
734.491	958.7
734.861	941.3
735.232	940.7
735.602	973.3
735.972	950.0
736.342	947.7
736.712	946.3
737.082	906.3
737.453	929.3
737.823	956.7
738.193	944.0
738.564	944.3
738.934	952.3
739.304	940.0
739.675	941.3
740.045	955.0
740.415	955.0
740.786	919.7
741.156	944.7
741.527	929.0
741.897	956.0
742.268	937.7
742.638	948.0
743.009	946.7
743.379	931.3
743.750	955.3
744.120	949.7
744.491	953.3
744.862	941.0
745.232	936.3
745.603	937.3
745.974	932.0
746.344	949.0
746.715	938.0
747.086	944.3
747.457	942.3
747.827	922.7
748.198	932.7
748.569	932.7
748.940	944.7
749.311	945.3
749.681	940.3
750.052	939.3
750.423	937.7
750.794	889.0
751.165	930.7
751.536	943.3
751.907	955.7
752.278	942.3
752.649	930.3
753.020	929.7
753.391	950.3
753.762	958.7
754.133	924.7
754.504	939.3
754.876	934.3
755.247	939.3
755.618	942.3
755.989	932.0
756.360	919.3
756.731	940.7
757.103	943.3
757.474	922.7
757.845	934.7
758.217	913.3
758.588	919.3
758.959	945.0
759.331	929.0
759.702	929.3
760.073	929.7
760.445	953.3
760.816	911.3
761.188	926.3
761.559	940.3
761.931	929.0
762.302	938.7
762.674	932.7
763.045	953.3
763.417	916.3
763.788	953.7
764.160	934.0
764.531	929.3
764.903	942.0
765.275	948.0
765.646	954.0
766.018	969.0
766.390	951.0
766.761	950.3
767.133	950.7
767.505	941.0
767.877	968.3
768.248	939.0
768.620	932.0
768.992	940.7
769.364	937.7
769.736	933.0
770.108	932.0
770.480	946.3
770.851	944.0
771.223	935.7
771.595	955.0
771.967	941.7
772.339	935.0
772.711	952.0
773.083	934.0
773.455	971.0
773.827	957.3
774.200	973.0
774.572	947.3
774.944	954.0
775.316	968.7
775.688	977.0
776.060	952.0
776.432	960.0
776.805	954.3
777.177	962.0
777.549	983.0
777.921	965.0
778.294	955.7
778.666	976.0
779.038	954.7
779.410	941.3
779.783	967.0
780.155	973.3
780.528	955.7
780.900	995.3
781.272	948.3
781.645	962.7
782.017	945.3
782.390	954.7
782.762	960.3
783.135	950.7
783.507	965.7
783.880	998.7
784.252	964.0
784.625	968.3
784.998	959.3
785.370	986.7
785.743	982.7
786.115	969.0
786.488	974.3
786.861	990.7
787.233	962.0
787.606	972.7
787.979	1007.3
788.352	988.0
788.724	960.3
789.097	960.3
789.470	963.0
789.843	989.7
790.216	980.3
790.589	989.3
790.961	952.7
791.334	988.0
791.707	975.0
792.080	967.0
792.453	983.7
792.826	971.3
793.199	970.7
793.572	965.7
793.945	980.0
794.318	967.0
794.691	986.0
795.064	1003.3
795.437	968.3
795.810	980.3
796.183	979.7
796.557	978.0
796.930	963.3
797.303	961.3
797.676	976.7
798.049	976.0
798.422	967.3
798.796	963.0
799.169	988.3
799.542	986.3
799.915	973.0
800.289	1000.3
800.662	958.7
801.035	973.0
801.409	969.0
801.782	979.0
802.156	989.7
802.529	997.7
802.902	975.3
803.276	979.7
803.649	945.3
804.023	961.3
804.396	977.3
804.770	996.3
805.143	988.0
805.517	957.0
805.890	974.7
806.264	980.7
806.638	960.7
807.011	957.0
807.385	934.7
807.758	970.3
808.132	974.3
808.506	979.0
808.879	967.0
809.253	966.3
809.627	973.7
810.001	997.0
810.374	976.3
810.748	999.3
811.122	984.7
811.496	1005.7
811.870	992.0
812.243	1002.7
812.617	975.0
812.991	987.0
813.365	1017.3
813.739	975.7
814.113	988.0
814.487	973.7
814.861	970.7
815.235	989.0
815.609	972.0
815.983	965.3
816.357	979.3
816.731	997.7
817.105	992.0
817.479	978.3
817.853	980.7
818.227	990.3
818.601	1002.0
818.975	1008.3
819.350	990.3
819.724	973.7
820.098	975.0
820.472	990.7
820.846	996.3
821.221	999.3
821.595	969.3
821.969	990.3
822.343	992.7
822.718	984.0
823.092	977.0
823.466	980.7
823.841	984.3
824.215	981.0
824.589	976.3
824.964	1004.7
825.338	970.7
825.713	966.3
826.087	979.7
826.462	978.7
826.836	963.3
827.211	971.0
827.585	989.7
827.960	980.0
828.334	939.7
828.709	982.0
829.083	972.7
829.458	984.7
829.833	991.3
830.207	978.0
830.582	982.0
830.957	993.7
831.331	982.3
831.706	986.0
832.081	973.3
832.455	976.3
832.830	969.3
833.205	958.3
833.580	973.7
833.954	1003.7
834.329	999.7
834.704	985.7
835.079	970.3
835.454	998.0
835.829	977.7
836.203	991.7
836.578	960.3
836.953	986.0
837.328	976.7
837.703	1006.0
838.078	974.0
838.453	965.3
838.828	1004.0
839.203	986.0
839.578	969.3
839.953	959.0
840.328	970.7
840.703	1005.3
841.078	983.7
841.454	987.3
841.829	987.3
842.204	988.7
842.579	988.0
842.954	992.3
843.329	981.7
843.704	993.3
844.080	972.0
844.455	973.0
844.830	977.7
845.205	996.3
845.581	969.7
845.956	1005.0
846.331	1001.0
846.707	991.3
847.082	995.7
847.457	986.7
847.833	979.0
848.208	975.7
848.584	987.3
848.959	973.3
849.334	974.3
849.710	999.3
850.085	989.0
850.461	971.0
850.836	985.0
851.212	985.3
851.587	978.7
851.963	989.0
852.338	981.3
852.714	995.7
853.090	975.7
853.465	993.7
853.841	981.7
854.216	981.3
854.592	979.0
854.968	995.0
855.343	958.0
855.719	961.0
856.095	973.3
856.471	981.3
856.846	984.3
857.222	931.3
857.598	964.3
857.974	960.7
858.349	941.3
858.725	958.0
859.101	938.0
859.477	950.7
859.853	934.3
860.229	946.7
860.605	951.0
860.980	926.7
861.356	953.0
861.732	962.3
862.108	945.7
862.484	946.3
862.860	968.3
863.236	943.0
863.612	917.7
863.988	956.3
864.364	939.7
864.740	942.3
865.116	951.7
865.493	934.3
865.869	952.0
866.245	948.7
866.621	940.0
866.997	947.0
867.373	925.0
867.749	966.3
868.126	965.0
868.502	963.7
868.878	919.0
869.254	945.0
869.631	951.0
870.007	963.7
870.383	950.3
870.759	956.0
871.136	940.3
871.512	942.3
871.888	930.0
872.265	956.0
872.641	946.0
873.017	955.3
873.394	949.7
873.770	944.7
874.147	944.3
874.523	965.3
874.900	948.0
875.276	935.7
875.653	950.3
876.029	952.0
876.406	950.7
876.782	973.0
877.159	950.7
877.535	980.3
877.912	960.0
878.288	968.3
878.665	968.0
879.042	977.3
879.418	968.3
879.795	1000.3
880.172	982.3
880.548	990.7
880.925	969.7
881.302	995.0
881.678	983.0
882.055	991.7
882.432	970.0
882.809	1009.3
883.185	1002.0
883.562	969.0
883.939	977.7
884.316	977.0
884.693	972.3
885.070	982.3
885.446	988.7
885.823	982.7
886.200	971.3
886.577	990.7
886.954	991.7
887.331	979.0
887.708	983.3
888.085	988.7
888.462	977.7
888.839	995.7
889.216	977.3
889.593	973.0
889.970	997.3
890.347	986.3
890.724	977.0
891.101	994.0
891.478	975.0
891.855	999.3
892.232	989.7
892.610	1001.0
892.987	989.3
893.364	992.3
893.741	995.7
894.118	1003.0
894.495	968.3
894.873	1023.3
895.250	989.0
895.627	991.7
896.004	974.7
896.382	981.0
896.759	988.0
897.136	975.0
897.514	994.3
897.891	972.0
898.268	975.7
898.646	972.3
899.023	967.0
899.400	994.0
899.778	980.0
900.155	994.0
900.533	977.7
900.910	963.3
901.288	958.3
901.665	970.7
902.043	973.0
902.420	970.0
902.798	961.7
903.175	979.3
903.553	969.7
903.930	987.0
904.308	970.0
904.685	983.7
905.063	986.3
905.441	983.3
905.818	982.0
906.196	996.7
906.573	978.0
906.951	986.0
907.329	983.0
907.707	997.0
908.084	992.3
908.462	986.0
908.840	967.0
909.217	975.3
909.595	992.7
909.973	977.0
910.351	986.0
910.729	1015.0
911.106	983.3
911.484	1011.0
911.862	971.3
912.240	993.3
912.618	1009.0
912.996	1004.0
913.373	1001.3
913.751	968.7
914.129	997.0
914.507	979.3
914.885	1004.7
915.263	1014.7
