186.832	613.3
187.157	929.3
187.483	925.3
187.808	958.3
188.134	938.3
188.459	934.7
188.785	933.3
189.110	928.0
189.436	923.7
189.761	945.7
190.087	920.0
190.413	928.7
190.739	918.0
191.064	932.7
191.390	929.0
191.716	920.0
192.042	940.7
192.368	939.3
192.694	913.0
193.020	927.0
193.346	930.3
193.672	924.3
193.998	918.0
194.324	912.0
194.651	935.7
194.977	918.7
195.303	937.0
195.629	931.0
195.956	897.7
196.282	934.7
196.609	913.0
196.935	913.7
197.261	912.0
197.588	925.0
197.915	918.0
198.241	928.0
198.568	911.7
198.895	925.7
199.221	900.3
199.548	925.3
199.875	942.0
200.202	919.0
200.529	901.7
200.856	928.3
201.182	914.3
201.509	919.7
201.837	917.3
202.164	931.0
202.491	922.3
202.818	935.7
203.145	907.3
203.472	916.3
203.799	907.0
204.127	917.0
204.454	920.7
204.781	898.3
205.109	922.7
205.436	904.0
205.764	898.3
206.091	914.0
206.419	909.7
206.746	929.0
207.074	897.3
207.402	910.0
207.729	906.0
208.057	914.0
208.385	922.3
208.713	923.7
209.041	908.0
209.369	941.3
209.696	905.7
210.024	932.3
210.352	908.3
210.680	936.7
211.009	925.0
211.337	944.0
211.665	913.0
211.993	947.3
212.321	926.7
212.650	932.0
212.978	928.7
213.306	931.3
213.635	909.7
213.963	940.0
214.291	939.7
214.620	936.7
214.948	918.7
215.277	929.0
215.606	931.3
215.934	962.3
216.263	900.7
216.592	933.7
216.920	915.3
217.249	926.0
217.578	925.3
217.907	932.0
218.236	910.7
218.565	953.3
218.894	921.3
219.223	934.0
219.552	928.0
219.881	959.3
220.210	908.3
220.539	922.3
220.868	912.3
221.197	936.3
221.527	933.3
221.856	932.0
222.185	918.3
222.515	929.0
222.844	920.7
223.173	940.0
223.503	947.3
223.832	939.7
224.162	917.3
224.492	956.7
224.821	906.3
225.151	936.3
225.481	918.0
225.810	920.0
226.140	924.3
226.470	918.0
226.800	904.3
227.130	943.0
227.460	914.3
227.790	947.7
228.120	919.0
228.450	928.7
228.780	913.3
229.110	940.7
229.440	926.3
229.770	963.3
230.100	951.0
230.431	958.3
230.761	942.0
231.091	954.0
231.422	945.0
231.752	958.0
232.082	943.3
232.413	973.7
232.743	935.0
233.074	943.3
233.404	942.7
233.735	965.7
234.066	939.0
234.396	955.7
234.727	926.0
235.058	951.7
235.389	961.0
235.719	957.7
236.050	931.7
236.381	962.0
236.712	949.7
237.043	946.0
237.374	954.0
237.705	954.7
238.036	966.3
238.367	973.0
238.699	973.0
239.030	958.3
239.361	947.3
239.692	973.7
240.024	923.0
240.355	944.0
240.686	943.7
241.018	952.0
241.349	919.7
241.681	945.0
242.012	949.3
242.344	976.0
242.675	947.3
243.007	966.0
243.339	989.0
243.670	955.0
244.002	947.7
244.334	939.3
244.666	958.0
244.997	971.3
245.329	953.3
245.661	960.0
245.993	945.3
246.325	965.0
246.657	937.7
246.989	956.7
247.321	965.0
247.654	949.7
247.986	926.3
248.318	967.0
248.650	935.0
248.982	951.0
249.315	937.0
249.647	955.0
249.979	941.3
250.312	939.0
250.644	937.7
250.977	945.7
251.309	932.7
251.642	960.3
251.974	939.0
252.307	959.7
252.640	938.3
252.972	951.0
253.305	931.0
253.638	938.0
253.971	956.0
254.304	957.0
254.637	955.3
254.969	938.7
255.302	958.3
255.635	954.0
255.968	937.7
256.301	961.0
256.635	926.7
256.968	951.3
257.301	947.7
257.634	941.0
257.967	935.3
258.301	944.3
258.634	923.7
258.967	934.3
259.301	959.7
259.634	953.0
259.967	926.7
260.301	943.0
260.634	940.0
260.968	935.7
261.302	928.7
261.635	956.7
261.969	940.3
262.303	919.3
262.636	935.3
262.970	945.3
263.304	924.0
263.638	951.7
263.972	929.0
264.306	949.3
264.639	953.0
264.973	948.0
265.307	933.7
265.642	937.3
265.976	945.7
266.310	937.3
266.644	931.0
266.978	957.3
267.312	935.0
267.647	960.3
267.981	937.7
268.315	966.7
268.650	924.0
268.984	936.3
269.318	956.3
269.653	956.3
269.987	934.7
270.322	951.0
270.656	938.0
270.991	930.0
271.326	929.7
271.660	958.3
271.995	930.0
272.330	940.3
272.665	949.0
272.999	937.0
273.334	934.7
273.669	956.0
274.004	956.0
274.339	946.0
274.674	924.0
275.009	949.0
275.344	934.7
275.679	954.3
276.014	936.0
276.350	950.0
276.685	945.7
277.020	937.0
277.355	951.7
277.691	965.3
278.026	946.7
278.361	966.7
278.697	935.7
279.032	943.0
279.368	950.7
279.703	955.7
280.039	940.7
280.374	951.3
280.710	933.7
281.046	961.0
281.381	932.0
281.717	949.3
282.053	936.3
282.389	945.3
282.724	927.0
283.060	933.0
283.396	916.0
283.732	944.3
284.068	946.7
284.404	919.3
284.740	950.0
285.076	954.0
285.412	939.0
285.748	934.0
286.085	933.3
286.421	960.3
286.757	922.0
287.093	934.0
287.430	950.3
287.766	941.3
288.102	935.0
288.439	937.3
288.775	936.3
289.112	945.7
289.448	917.3
289.785	937.0
290.121	942.7
290.458	940.0
290.795	940.0
291.131	914.3
291.468	941.0
291.805	946.0
292.142	940.7
292.478	937.7
292.815	933.7
293.152	934.7
293.489	909.3
293.826	929.0
294.163	917.0
294.500	937.3
294.837	904.7
295.174	957.0
295.511	927.0
295.849	918.7
296.186	912.3
296.523	942.0
296.860	939.3
297.198	948.0
297.535	919.7
297.872	935.7
298.210	939.0
298.547	931.3
298.885	935.7
299.222	925.7
299.560	930.7
299.897	932.7
300.235	911.3
300.572	936.7
300.910	917.3
301.248	934.0
301.586	928.0
301.923	919.7
302.261	930.3
302.599	958.3
302.937	918.7
303.275	918.0
303.613	924.0
303.951	929.3
304.289	919.3
304.627	935.3
304.965	931.7
305.303	930.3
305.641	935.0
305.979	920.7
306.318	932.0
306.656	945.7
306.994	949.0
307.332	917.3
307.671	931.0
308.009	948.3
308.348	902.7
308.686	939.0
309.025	939.0
309.363	940.0
309.702	934.0
310.040	919.7
310.379	928.0
310.718	939.7
311.056	923.7
311.395	944.0
311.734	900.7
312.072	942.7
312.411	905.7
312.750	923.7
313.089	943.0
313.428	938.3
313.767	918.0
314.106	943.0
314.445	920.3
314.784	910.7
315.123	909.0
315.462	924.3
315.801	930.3
316.141	914.0
316.480	902.0
316.819	916.7
317.158	905.0
317.498	923.3
317.837	905.0
318.176	918.0
318.516	908.7
318.855	920.7
319.195	901.0
319.534	931.0
319.874	931.0
320.213	923.3
320.553	919.3
320.893	927.0
321.232	929.0
321.572	888.7
321.912	916.7
322.252	937.7
322.592	927.7
322.931	928.0
323.271	920.7
323.611	937.0
323.951	928.7
324.291	940.0
324.631	928.0
324.971	911.7
325.311	908.3
325.651	937.7
325.992	947.7
326.332	938.3
326.672	915.3
327.012	940.0
327.353	929.7
327.693	938.7
328.033	928.3
328.374	921.3
328.714	930.0
329.055	941.7
329.395	923.7
329.736	946.3
330.076	923.7
330.417	946.0
330.757	947.0
331.098	948.7
331.439	940.3
331.779	946.3
332.120	932.3
332.461	931.7
332.802	928.0
333.143	930.3
333.483	923.7
333.824	961.3
334.165	924.0
334.506	947.3
334.847	935.3
335.188	931.7
335.529	946.3
335.870	930.3
336.212	940.7
336.553	930.7
336.894	933.0
337.235	934.7
337.576	918.0
337.918	935.0
338.259	924.0
338.600	937.0
338.942	925.3
339.283	932.3
339.625	926.0
339.966	929.7
340.308	960.7
340.649	948.3
340.991	918.0
341.333	931.0
341.674	941.7
342.016	917.0
342.358	937.0
342.699	926.7
343.041	944.3
343.383	920.0
343.725	938.7
344.067	937.0
344.409	918.3
344.751	935.0
345.093	948.0
345.435	934.0
345.777	940.7
346.119	950.7
346.461	935.7
346.803	918.0
347.145	934.0
347.488	919.3
347.830	933.3
348.172	933.0
348.514	908.7
348.857	947.0
349.199	918.7
349.541	933.7
349.884	916.3
350.226	925.3
350.569	925.0
350.911	945.0
351.254	914.0
351.597	902.0
351.939	933.3
352.282	918.7
352.625	941.7
352.967	942.7
353.310	915.0
353.653	933.7
353.996	919.0
354.339	929.3
354.681	921.3
355.024	929.0
355.367	925.0
355.710	911.7
356.053	935.0
356.396	926.3
356.739	915.0
357.083	936.7
357.426	927.3
357.769	918.0
358.112	905.0
358.455	900.7
358.799	906.0
359.142	898.3
359.485	915.3
359.829	884.7
360.172	893.3
360.515	913.7
360.859	869.0
361.202	911.0
361.546	891.0
361.889	915.0
362.233	898.7
362.577	898.3
362.920	908.3
363.264	907.3
363.608	885.7
363.951	909.0
364.295	901.0
364.639	925.3
364.983	899.7
365.327	912.3
365.671	905.3
366.015	916.3
366.359	940.3
366.703	927.7
367.047	910.3
367.391	932.3
367.735	921.3
368.079	909.3
368.423	919.7
368.767	909.3
369.111	911.3
369.456	913.0
369.800	912.7
370.144	931.0
370.489	921.0
370.833	924.3
371.177	907.7
371.522	952.3
371.866	918.0
372.211	930.0
372.555	935.7
372.900	934.0
373.245	909.3
373.589	935.7
373.934	910.7
374.279	913.3
374.623	940.0
374.968	940.3
375.313	923.3
375.658	919.7
376.003	950.7
376.347	942.7
376.692	936.7
377.037	928.0
377.382	917.0
377.727	942.7
378.072	934.0
378.417	935.0
378.762	938.7
379.108	961.0
379.453	941.0
379.798	934.0
380.143	903.3
380.488	936.7
380.834	917.0
381.179	937.7
381.524	910.3
381.870	932.3
382.215	912.3
382.561	932.0
382.906	918.0
383.252	953.0
383.597	913.3
383.943	951.7
384.288	909.7
384.634	927.0
384.980	916.0
385.325	920.3
385.671	949.3
386.017	919.0
386.363	932.0
386.708	913.7
387.054	931.3
387.400	945.0
387.746	919.7
388.092	944.7
388.438	928.0
388.784	945.3
389.130	924.7
389.476	916.3
389.822	929.3
390.168	964.0
390.514	951.0
390.860	935.0
391.207	929.0
391.553	960.3
391.899	922.7
392.246	965.3
392.592	951.3
392.938	950.7
393.285	924.3
393.631	951.7
393.978	937.3
394.324	950.0
394.671	948.3
395.017	944.0
395.364	944.0
395.710	947.0
396.057	949.3
396.404	922.3
396.750	966.3
397.097	965.7
397.444	942.7
397.791	965.7
398.137	938.7
398.484	942.3
398.831	949.7
399.178	936.0
399.525	937.0
399.872	949.7
400.219	950.3
400.566	978.7
400.913	950.3
401.260	959.7
401.607	946.0
401.955	961.3
402.302	962.3
402.649	965.3
402.996	953.7
403.344	935.3
403.691	962.7
404.038	964.0
404.386	946.7
404.733	960.7
405.080	940.0
405.428	952.7
405.775	958.3
406.123	963.0
406.470	953.0
406.818	953.3
407.166	939.3
407.513	948.0
407.861	977.0
408.209	963.7
408.556	962.3
408.904	986.7
409.252	958.7
409.600	976.7
409.948	977.7
410.296	979.3
410.643	983.7
410.991	977.3
411.339	972.3
411.687	974.3
412.035	951.0
412.383	970.0
412.732	961.7
413.080	977.7
413.428	958.0
413.776	988.7
414.124	995.0
414.473	996.3
414.821	1001.7
415.169	1017.0
415.517	984.0
415.866	988.7
416.214	986.7
416.563	1024.3
416.911	1006.3
417.260	1016.3
417.608	1043.0
417.957	1028.0
418.305	1041.7
418.654	1051.0
419.002	1071.3
419.351	1059.0
419.700	1074.3
420.049	1081.0
420.397	1081.3
420.746	1113.0
421.095	1111.7
421.444	1154.3
421.793	1144.7
422.141	1188.3
422.490	1187.0
422.839	1208.0
423.188	1218.3
423.537	1225.0
423.886	1252.7
424.236	1243.3
424.585	1268.3
424.934	1309.7
425.283	1318.3
425.632	1378.0
425.981	1364.3
426.331	1422.3
426.680	1438.0
427.029	1474.3
427.379	1499.7
427.728	1527.0
428.077	1570.0
428.427	1607.3
428.776	1642.3
429.126	1673.7
429.475	1716.7
429.825	1781.3
430.174	1819.7
430.524	1895.7
430.874	1910.0
431.223	1965.3
431.573	1998.7
431.923	2060.3
432.273	2129.7
432.622	2197.7
432.972	2240.3
433.322	2291.7
433.672	2404.0
434.022	2458.0
434.372	2517.7
434.722	2607.0
435.072	2681.3
435.422	2769.3
435.772	2827.7
436.122	2949.7
436.472	2995.0
436.822	3109.7
437.172	3189.3
437.522	3297.0
437.873	3433.7
438.223	3516.7
438.573	3625.0
438.923	3730.3
439.274	3830.0
439.624	3974.7
439.975	4116.3
440.325	4209.3
440.675	4329.7
441.026	4509.0
441.376	4624.3
441.727	4746.7
442.078	4801.0
442.428	5034.7
442.779	5202.3
443.130	5267.7
443.480	5427.3
443.831	5592.0
444.182	5772.7
444.532	5938.3
444.883	6089.0
445.234	6328.7
445.585	6456.0
445.936	6626.0
446.287	6809.3
446.638	6971.7
446.989	7098.0
447.340	7282.7
447.691	7529.7
448.042	7658.0
448.393	7940.7
448.744	8126.0
449.095	8272.7
449.446	8433.7
449.798	8695.3
450.149	8822.0
450.500	8982.0
450.851	9233.7
451.203	9406.0
451.554	9609.3
451.905	9833.3
452.257	9960.7
452.608	10183.0
452.960	10314.7
453.311	10440.7
453.663	10606.0
454.014	10838.7
454.366	10809.3
454.718	11094.0
455.069	11227.7
455.421	11345.0
455.773	11372.7
456.124	11574.3
456.476	11689.0
456.828	11730.0
457.180	11751.7
457.531	11897.0
457.883	11951.7
458.235	12066.0
458.587	11943.7
458.939	12085.0
459.291	12020.3
459.643	12100.3
459.995	12011.3
460.347	11902.0
460.699	11825.3
461.051	11814.0
461.404	11716.3
461.756	11666.0
462.108	11667.0
462.460	11540.7
462.812	11376.7
463.165	11326.0
463.517	11162.3
463.869	11024.3
464.222	10871.0
464.574	10674.3
464.927	10467.3
465.279	10398.3
465.632	10280.7
465.984	9995.0
466.337	9894.7
466.689	9717.0
467.042	9512.7
467.394	9404.7
467.747	9188.7
468.100	9029.7
468.452	8844.3
468.805	8595.0
469.158	8591.7
469.511	8338.3
469.864	8227.3
470.216	8003.0
470.569	7831.3
470.922	7654.0
471.275	7507.0
471.628	7402.0
471.981	7204.7
472.334	7132.3
472.687	6948.3
473.040	6727.3
473.393	6672.7
473.747	6462.7
474.100	6426.3
474.453	6198.0
474.806	6124.0
475.159	6006.7
475.513	5896.3
475.866	5716.3
476.219	5710.0
476.573	5506.7
476.926	5345.0
477.279	5296.0
477.633	5160.0
477.986	5115.7
478.340	4969.0
478.693	4887.0
479.047	4776.0
479.400	4683.7
479.754	4586.0
480.108	4501.7
480.461	4387.0
480.815	4324.3
481.169	4204.0
481.522	4125.3
481.876	4037.3
482.230	3927.0
482.584	3903.0
482.938	3810.0
483.292	3757.0
483.646	3683.7
483.999	3618.3
484.353	3518.0
484.707	3422.0
485.061	3396.0
485.416	3333.3
485.770	3255.3
486.124	3156.3
486.478	3130.3
486.832	3046.0
487.186	2987.0
487.540	2924.7
487.895	2867.0
488.249	2811.7
488.603	2795.7
488.957	2744.7
489.312	2642.0
489.666	2613.3
490.021	2579.0
490.375	2531.0
490.730	2463.7
491.084	2442.0
491.439	2357.0
491.793	2346.0
492.148	2281.3
492.502	2268.7
492.857	2237.3
493.211	2166.0
493.566	2174.0
493.921	2118.3
494.276	2077.0
494.630	2055.7
494.985	2006.7
495.340	1972.0
495.695	1937.7
496.050	1883.7
496.405	1902.7
496.759	1909.3
497.114	1836.0
497.469	1804.3
497.824	1792.7
498.179	1759.7
498.534	1738.7
498.890	1720.7
499.245	1690.7
499.600	1680.3
499.955	1651.3
500.310	1649.7
500.665	1579.3
501.021	1618.0
501.376	1555.3
501.731	1546.0
502.087	1537.7
502.442	1527.7
502.797	1492.0
503.153	1472.7
503.508	1429.7
503.864	1467.0
504.219	1434.0
504.575	1416.0
504.930	1371.7
505.286	1399.3
505.641	1385.7
505.997	1376.7
506.353	1342.0
506.708	1331.7
507.064	1332.0
507.420	1331.0
507.775	1295.7
508.131	1281.3
508.487	1285.7
508.843	1264.3
509.199	1268.7
509.555	1255.3
509.911	1239.7
510.266	1242.3
510.622	1209.0
510.978	1226.3
511.334	1215.0
511.691	1192.0
512.047	1194.3
512.403	1173.0
512.759	1155.0
513.115	1178.7
513.471	1159.3
513.827	1185.0
514.184	1137.3
514.540	1146.0
514.896	1146.3
515.252	1140.0
515.609	1120.0
515.965	1126.7
516.322	1116.7
516.678	1104.0
517.034	1095.0
517.391	1110.3
517.747	1103.0
518.104	1117.0
518.461	1079.7
518.817	1098.7
519.174	1064.7
519.530	1092.7
519.887	1071.3
520.244	1075.3
520.600	1086.0
520.957	1080.3
521.314	1053.7
521.671	1049.7
522.027	1056.0
522.384	1067.7
522.741	1038.0
523.098	1068.7
523.455	1023.3
523.812	1027.0
524.169	1030.0
524.526	1045.7
524.883	1058.3
525.240	1030.0
525.597	1028.0
525.954	1036.3
526.311	993.3
526.668	1040.7
527.026	1021.0
527.383	1017.7
527.740	1009.3
528.097	1041.3
528.455	1014.7
528.812	994.7
529.169	992.7
529.527	996.7
529.884	1006.3
530.241	1024.0
530.599	1005.7
530.956	1007.7
531.314	990.7
531.671	995.3
532.029	1013.0
532.387	1002.7
532.744	1006.3
533.102	995.7
533.459	990.7
533.817	979.3
534.175	1006.7
534.532	989.3
534.890	993.0
535.248	1017.3
535.606	993.0
535.964	996.7
536.322	979.3
536.679	995.7
537.037	1004.3
537.395	995.0
537.753	991.0
538.111	997.0
538.469	984.3
538.827	989.0
539.185	968.3
539.543	1005.3
539.901	991.0
540.260	987.0
540.618	972.0
540.976	989.0
541.334	994.3
541.692	1013.3
542.051	990.0
542.409	975.7
542.767	970.7
543.126	966.3
543.484	984.7
543.842	992.7
544.201	993.3
544.559	1005.3
544.918	976.0
545.276	991.0
545.635	965.7
545.993	1005.0
546.352	960.0
546.711	971.0
547.069	961.3
547.428	974.3
547.786	976.3
548.145	996.7
548.504	983.0
548.863	997.3
549.221	955.3
549.580	979.0
549.939	971.3
550.298	992.0
550.657	987.7
551.016	965.0
551.375	974.3
551.734	991.7
552.093	979.3
552.452	1000.3
552.811	974.3
553.170	992.3
553.529	990.0
553.888	992.0
554.247	968.7
554.606	954.3
554.965	1006.3
555.324	988.3
555.684	1001.7
556.043	986.7
556.402	974.3
556.762	988.0
557.121	978.3
557.480	987.0
557.840	977.3
558.199	1000.0
558.558	976.3
558.918	994.7
559.277	1007.3
559.637	984.0
559.996	993.7
560.356	1000.7
560.716	1000.3
561.075	980.0
561.435	982.0
561.794	996.7
562.154	986.3
562.514	996.0
562.874	996.7
563.233	999.0
563.593	984.3
563.953	999.7
564.313	991.7
564.673	997.0
565.033	991.7
565.392	978.0
565.752	988.0
566.112	988.0
566.472	1018.7
566.832	990.7
567.192	996.0
567.552	995.0
567.912	967.3
568.273	987.7
568.633	998.7
568.993	1001.3
569.353	981.0
569.713	995.7
570.073	982.3
570.434	993.3
570.794	1007.3
571.154	996.3
571.515	988.7
571.875	1019.7
572.235	987.0
572.596	986.0
572.956	981.3
573.317	1005.7
573.677	990.7
574.038	979.7
574.398	987.3
574.759	982.7
575.119	1004.3
575.480	994.3
575.840	983.0
576.201	987.3
576.562	997.3
576.922	989.7
577.283	995.3
577.644	951.0
578.005	990.7
578.365	992.3
578.726	973.0
579.087	984.0
579.448	962.7
579.809	986.0
580.170	1020.7
580.531	982.3
580.892	959.0
581.253	973.7
581.614	970.3
581.975	990.3
582.336	966.3
582.697	984.7
583.058	972.7
583.419	979.3
583.780	970.0
584.141	987.7
584.503	959.3
584.864	977.3
585.225	1001.7
585.586	983.0
585.948	985.7
586.309	962.7
586.670	981.0
587.032	977.7
587.393	990.0
587.754	983.7
588.116	970.0
588.477	962.3
588.839	956.3
589.200	957.0
589.562	984.3
589.923	987.7
590.285	969.7
590.647	989.7
591.008	970.3
591.370	973.7
591.732	973.7
592.093	986.7
592.455	960.7
592.817	975.3
593.179	953.7
593.540	968.7
593.902	975.0
594.264	990.7
594.626	972.3
594.988	977.0
595.350	957.7
595.712	972.0
596.074	975.7
596.436	957.0
596.798	969.7
597.160	964.3
597.522	973.3
597.884	968.7
598.246	962.3
598.608	983.3
598.970	976.3
599.332	968.3
599.695	977.3
600.057	980.7
600.419	985.7
600.781	970.0
601.144	985.0
601.506	973.0
601.868	967.7
602.231	980.7
602.593	962.3
602.956	970.3
603.318	986.3
603.680	958.3
604.043	975.7
604.405	974.7
604.768	967.3
605.131	992.7
605.493	978.0
605.856	993.3
606.218	951.7
606.581	988.0
606.944	986.7
607.306	956.0
607.669	981.7
608.032	965.3
608.395	973.0
608.757	979.3
609.120	961.0
609.483	966.7
609.846	945.7
610.209	961.7
610.572	983.0
610.935	986.3
611.298	971.0
611.661	979.3
612.024	971.7
612.387	975.0
612.750	977.7
613.113	982.3
613.476	982.0
613.839	985.7
614.202	974.0
614.565	998.7
614.928	975.0
615.292	980.0
615.655	976.0
616.018	980.0
616.381	951.3
616.745	982.3
617.108	956.7
617.471	966.7
617.835	957.7
618.198	971.3
618.562	949.3
618.925	977.0
619.289	967.7
619.652	975.3
620.016	968.0
620.379	965.7
620.743	963.7
621.106	961.0
621.470	975.0
621.833	991.7
622.197	968.3
622.561	953.3
622.924	962.7
623.288	955.3
623.652	966.7
624.016	979.0
624.379	953.3
624.743	965.3
625.107	947.0
625.471	969.3
625.835	978.7
626.199	994.0
626.563	947.0
626.927	987.0
627.291	996.3
627.655	967.3
628.019	954.3
628.383	968.0
628.747	950.3
629.111	968.7
629.475	964.0
629.839	968.3
630.203	967.3
630.567	976.3
630.931	971.0
631.296	988.3
631.660	967.3
632.024	991.7
632.389	967.3
632.753	959.0
633.117	953.3
633.481	968.7
633.846	949.7
634.210	955.0
634.575	967.3
634.939	981.3
635.304	968.0
635.668	950.0
636.033	985.0
636.397	966.3
636.762	956.3
637.126	982.0
637.491	974.3
637.855	967.3
638.220	965.3
638.585	974.7
638.949	955.7
639.314	974.3
639.679	986.0
640.044	966.0
640.408	969.0
640.773	964.7
641.138	952.0
641.503	959.7
641.868	933.7
642.233	980.7
642.598	942.3
642.963	944.7
643.327	930.3
643.692	952.0
644.057	936.3
644.422	943.0
644.788	931.0
645.153	955.7
645.518	939.3
645.883	957.7
646.248	944.0
646.613	961.3
646.978	947.3
647.343	966.3
647.709	951.0
648.074	940.3
648.439	964.3
648.804	949.3
649.170	950.0
649.535	943.3
649.900	942.3
650.266	941.0
650.631	972.0
650.997	949.0
651.362	963.3
651.728	939.3
652.093	954.3
652.459	969.7
652.824	955.3
653.190	950.7
653.555	953.7
653.921	965.3
654.286	976.3
654.652	951.3
655.018	951.7
655.383	966.3
655.749	940.0
656.115	987.7
656.481	979.3
656.846	965.7
657.212	944.7
657.578	944.7
657.944	955.0
658.310	971.3
658.676	964.3
659.041	948.3
659.407	944.0
659.773	951.7
660.139	949.7
660.505	959.3
660.871	949.0
661.237	994.3
661.603	946.7
661.969	958.7
662.336	955.0
662.702	966.7
663.068	945.3
663.434	966.3
663.800	951.3
664.166	961.7
664.533	956.3
664.899	970.7
665.265	966.7
665.631	959.7
665.998	961.3
666.364	961.0
666.730	942.0
667.097	958.0
667.463	965.3
667.830	966.3
668.196	936.3
668.562	947.0
668.929	970.7
669.295	957.3
669.662	957.0
670.028	984.0
670.395	965.0
670.762	949.0
671.128	967.0
671.495	961.7
671.862	979.0
672.228	974.3
672.595	961.0
672.962	973.0
673.328	960.7
673.695	957.7
674.062	958.7
674.429	965.3
674.796	950.7
675.162	971.0
675.529	939.0
675.896	947.7
676.263	959.0
676.630	952.7
676.997	960.0
677.364	951.3
677.731	966.3
678.098	953.3
678.465	936.0
678.832	949.3
679.199	935.0
679.566	955.7
679.933	949.7
680.300	943.7
680.668	955.3
681.035	958.7
681.402	951.3
681.769	975.3
682.136	961.0
682.504	975.0
682.871	971.0
683.238	985.7
683.606	945.3
683.973	994.7
684.340	978.0
684.708	975.7
685.075	956.7
685.442	988.3
685.810	978.3
686.177	951.3
686.545	955.0
686.912	951.7
687.280	972.0
687.647	972.7
688.015	968.7
688.383	970.7
688.750	958.0
689.118	976.7
689.486	951.0
689.853	959.0
690.221	955.0
690.589	952.0
690.956	965.3
691.324	974.0
691.692	967.7
692.060	977.7
692.428	967.0
692.795	951.0
693.163	927.0
693.531	963.7
693.899	950.3
694.267	934.0
694.635	969.3
695.003	937.7
695.371	936.0
695.739	968.0
696.107	960.0
696.475	944.3
696.843	933.3
697.211	933.0
697.579	942.0
697.947	944.0
698.316	932.0
698.684	930.0
699.052	949.0
699.420	934.3
699.788	930.0
700.157	943.3
700.525	929.7
700.893	961.0
701.261	953.0
701.630	931.0
701.998	953.0
702.367	947.3
702.735	958.3
703.103	955.7
703.472	955.3
703.840	968.7
704.209	950.0
704.577	946.7
704.946	947.7
705.314	956.3
705.683	955.3
706.051	961.3
706.420	965.0
706.789	971.3
707.157	938.3
707.526	967.0
707.895	953.3
708.263	957.3
708.632	955.0
709.001	962.3
709.369	934.0
709.738	934.0
710.107	939.3
710.476	950.3
710.845	952.7
711.214	983.7
711.582	955.3
711.951	957.7
712.320	951.3
712.689	932.7
713.058	956.0
713.427	949.7
713.796	950.7
714.165	935.3
714.534	928.3
714.903	937.0
715.272	912.7
715.641	926.3
716.011	928.7
716.380	940.3
716.749	943.0
717.118	930.7
717.487	935.3
717.856	953.0
718.226	952.3
718.595	962.3
718.964	936.0
719.333	962.0
719.703	944.3
720.072	931.7
720.441	955.0
720.811	953.3
721.180	959.7
721.550	956.3
721.919	934.7
722.289	944.7
722.658	948.3
723.027	954.7
723.397	948.3
723.767	950.3
724.136	964.0
724.506	946.7
724.875	951.3
725.245	946.3
725.614	977.7
725.984	936.3
726.354	970.0
726.723	945.3
727.093	941.0
727.463	961.0
727.833	956.3
728.202	961.0
728.572	939.3
728.942	969.7
729.312	959.3
729.682	966.3
730.051	964.0
730.421	974.7
730.791	952.0
731.161	946.0
731.531	951.0
731.901	965.7
732.271	983.7
732.641	983.7
733.011	962.7
733.381	943.0
733.751	951.3
734.121	957.7
734.491	962.7
734.861	944.3
735.232	945.3
735.602	972.0
735.972	946.3
736.342	939.0
736.712	949.3
737.082	915.0
737.453	921.0
737.823	957.7
738.193	938.0
738.564	938.7
738.934	952.0
739.304	942.7
739.675	937.7
740.045	963.0
740.415	949.3
740.786	930.3
741.156	952.0
741.527	935.7
741.897	953.7
742.268	934.0
742.638	961.3
743.009	951.0
743.379	925.7
743.750	953.0
744.120	951.0
744.491	949.0
744.862	940.7
745.232	931.3
745.603	930.7
745.974	926.3
746.344	959.7
746.715	942.7
747.086	954.3
747.457	940.0
747.827	928.0
748.198	945.3
748.569	932.0
748.940	939.0
749.311	954.3
749.681	947.7
750.052	935.0
750.423	950.7
750.794	911.7
751.165	933.3
751.536	943.3
751.907	945.3
752.278	951.0
752.649	925.7
753.020	933.3
753.391	946.7
753.762	952.3
754.133	930.3
754.504	952.3
754.876	930.0
755.247	937.7
755.618	954.7
755.989	934.0
756.360	924.7
756.731	925.0
757.103	940.3
757.474	923.7
757.845	929.3
758.217	915.3
758.588	926.3
758.959	945.7
759.331	930.3
759.702	926.7
760.073	936.0
760.445	960.3
760.816	922.0
761.188	936.0
761.559	940.0
761.931	927.3
762.302	943.7
762.674	940.3
763.045	943.0
763.417	920.7
763.788	947.7
764.160	937.0
764.531	935.7
764.903	954.3
765.275	951.7
765.646	952.7
766.018	976.3
766.390	961.3
766.761	951.0
767.133	943.3
767.505	933.7
767.877	967.7
768.248	945.0
768.620	930.0
768.992	940.0
769.364	948.0
769.736	938.0
770.108	939.7
770.480	955.7
770.851	935.0
771.223	939.7
771.595	948.7
771.967	948.7
772.339	928.7
772.711	964.0
773.083	936.7
773.455	963.0
773.827	965.7
774.200	971.0
774.572	957.7
774.944	952.0
775.316	977.0
775.688	979.3
776.060	945.7
776.432	961.7
776.805	941.7
777.177	976.0
777.549	990.0
777.921	959.7
778.294	956.0
778.666	977.3
779.038	961.7
779.410	956.7
779.783	967.0
780.155	978.3
780.528	956.3
780.900	991.3
781.272	958.3
781.645	973.0
782.017	948.3
782.390	951.0
782.762	961.0
783.135	961.3
783.507	970.7
783.880	974.3
784.252	965.0
784.625	972.3
784.998	970.3
785.370	981.7
785.743	991.7
786.115	970.7
786.488	977.7
786.861	986.0
787.233	973.7
787.606	974.7
787.979	1003.0
788.352	984.0
788.724	966.3
789.097	962.7
789.470	971.3
789.843	996.0
790.216	978.7
790.589	1002.0
790.961	953.7
791.334	970.7
791.707	975.0
792.080	963.7
792.453	981.0
792.826	976.0
793.199	976.7
793.572	968.7
793.945	975.3
794.318	964.3
794.691	979.0
795.064	1003.0
795.437	958.3
795.810	976.0
796.183	973.7
796.557	972.7
796.930	963.0
797.303	957.3
797.676	978.7
798.049	975.0
798.422	982.3
798.796	961.0
799.169	984.7
799.542	986.7
799.915	977.3
800.289	990.0
800.662	966.3
801.035	963.0
801.409	972.0
801.782	969.3
802.156	992.3
802.529	989.3
802.902	984.0
803.276	988.3
803.649	957.0
804.023	963.3
804.396	973.3
804.770	986.3
805.143	987.7
805.517	957.0
805.890	983.3
806.264	985.0
806.638	961.0
807.011	962.0
807.385	956.7
807.758	954.7
808.132	967.7
808.506	958.7
808.879	970.7
809.253	974.3
809.627	982.7
810.001	986.0
810.374	977.7
810.748	987.7
811.122	983.3
811.496	1011.3
811.870	985.0
812.243	1003.3
812.617	984.3
812.991	981.3
813.365	1022.0
813.739	992.3
814.113	980.7
814.487	975.3
814.861	970.3
815.235	987.3
815.609	975.7
815.983	971.0
816.357	978.3
816.731	995.0
817.105	991.7
817.479	980.7
817.853	978.3
818.227	992.7
818.601	1011.3
818.975	1002.7
819.350	1008.3
819.724	982.7
820.098	974.0
820.472	986.3
820.846	1003.7
821.221	996.3
821.595	979.0
821.969	989.3
822.343	991.3
822.718	981.3
823.092	978.7
823.466	992.3
823.841	994.7
824.215	976.7
824.589	970.7
824.964	1001.7
825.338	969.0
825.713	973.7
826.087	984.3
826.462	985.3
826.836	961.7
827.211	967.7
827.585	991.7
827.960	986.7
828.334	942.0
828.709	977.7
829.083	970.7
829.458	968.0
829.833	993.0
830.207	975.7
830.582	977.3
830.957	984.7
831.331	990.3
831.706	985.3
832.081	979.7
832.455	973.3
832.830	958.7
833.205	967.7
833.580	975.0
833.954	1011.3
834.329	991.3
834.704	994.3
835.079	977.0
835.454	996.7
835.829	981.0
836.203	995.0
836.578	962.0
836.953	985.7
837.328	983.0
837.703	999.7
838.078	978.7
838.453	968.7
838.828	995.3
839.203	994.3
839.578	981.0
839.953	971.0
840.328	982.7
840.703	1002.3
841.078	989.0
841.454	993.3
841.829	999.3
842.204	986.7
842.579	980.3
842.954	987.7
843.329	973.7
843.704	990.7
844.080	980.0
844.455	969.0
844.830	980.3
845.205	1003.7
845.581	978.7
845.956	1001.3
846.331	992.3
846.707	991.0
847.082	989.7
847.457	986.0
847.833	979.0
848.208	977.0
848.584	989.7
848.959	975.3
849.334	979.7
849.710	1002.3
850.085	997.7
850.461	973.3
850.836	993.7
851.212	1000.3
851.587	981.3
851.963	987.3
852.338	977.7
852.714	997.7
853.090	981.3
853.465	994.7
853.841	986.7
854.216	980.0
854.592	989.3
854.968	992.7
855.343	959.3
855.719	963.3
856.095	962.0
856.471	978.3
856.846	988.7
857.222	932.0
857.598	960.3
857.974	945.0
858.349	944.3
858.725	961.7
859.101	941.3
859.477	954.7
859.853	937.0
860.229	955.0
860.605	954.3
860.980	924.7
861.356	957.0
861.732	965.0
862.108	956.0
862.484	951.3
862.860	965.0
863.236	941.0
863.612	919.0
863.988	962.0
864.364	938.7
864.740	944.7
865.116	946.3
865.493	943.0
865.869	954.0
866.245	943.3
866.621	943.7
866.997	940.3
867.373	932.3
867.749	972.3
868.126	968.3
868.502	951.7
868.878	926.3
869.254	948.0
869.631	951.0
870.007	959.0
870.383	944.7
870.759	949.0
871.136	942.7
871.512	939.3
871.888	934.3
872.265	956.7
872.641	939.0
873.017	952.3
873.394	956.7
873.770	962.3
874.147	947.7
874.523	968.0
874.900	945.7
875.276	938.3
875.653	946.0
876.029	948.0
876.406	953.3
876.782	968.7
877.159	950.3
877.535	975.7
877.912	962.0
878.288	974.0
878.665	965.3
879.042	977.0
879.418	959.0
879.795	985.3
880.172	979.3
880.548	993.0
880.925	979.3
881.302	1000.0
881.678	992.0
882.055	996.0
882.432	967.7
882.809	1000.3
883.185	996.7
883.562	983.3
883.939	988.3
884.316	979.7
884.693	963.3
885.070	991.3
885.446	983.0
885.823	984.3
886.200	965.3
886.577	998.0
886.954	1000.7
887.331	980.3
887.708	984.7
888.085	982.3
888.462	983.3
888.839	999.3
889.216	981.7
889.593	990.7
889.970	996.0
890.347	971.3
890.724	984.7
891.101	998.0
891.478	988.7
891.855	1000.7
892.232	985.7
892.610	1002.7
892.987	988.0
893.364	987.7
893.741	999.3
894.118	1001.3
894.495	964.7
894.873	1036.0
895.250	993.0
895.627	992.3
896.004	990.0
896.382	974.3
896.759	989.0
897.136	972.3
897.514	993.0
897.891	976.3
898.268	977.3
898.646	969.0
899.023	962.0
899.400	990.0
899.778	970.0
900.155	991.3
900.533	978.7
900.910	971.7
901.288	956.7
901.665	973.0
902.043	977.3
902.420	978.7
902.798	960.0
903.175	975.3
903.553	970.3
903.930	988.7
904.308	960.3
904.685	988.7
905.063	992.3
905.441	992.7
905.818	995.3
906.196	1005.7
906.573	991.7
906.951	990.3
907.329	993.7
907.707	995.3
908.084	992.7
908.462	985.0
908.840	971.3
909.217	987.3
909.595	987.7
909.973	972.0
910.351	995.0
910.729	1011.3
911.106	987.3
911.484	1011.0
911.862	973.3
912.240	1002.7
912.618	1021.0
912.996	1019.0
913.373	996.3
913.751	972.3
914.129	993.3
914.507	985.0
914.885	1004.7
915.263	1012.7
