186.832	608.3
187.157	925.7
187.483	929.0
187.808	956.3
188.134	943.0
188.459	934.3
188.785	939.3
189.110	932.7
189.436	922.7
189.761	937.3
190.087	926.3
190.413	921.0
190.739	924.7
191.064	941.7
191.390	919.3
191.716	920.0
192.042	946.0
192.368	930.3
192.694	908.7
193.020	908.0
193.346	926.3
193.672	923.0
193.998	916.7
194.324	918.3
194.651	926.7
194.977	924.7
195.303	950.3
195.629	936.7
195.956	908.7
196.282	940.0
196.609	898.3
196.935	919.7
197.261	918.7
197.588	918.0
197.915	911.7
198.241	928.0
198.568	918.7
198.895	926.7
199.221	904.3
199.548	914.7
199.875	929.7
200.202	915.0
200.529	896.3
200.856	932.3
201.182	924.7
201.509	924.3
201.837	916.7
202.164	930.0
202.491	918.7
202.818	933.0
203.145	901.3
203.472	915.7
203.799	915.3
204.127	930.0
204.454	930.7
204.781	896.3
205.109	925.7
205.436	903.7
205.764	897.0
206.091	906.3
206.419	907.7
206.746	932.7
207.074	902.0
207.402	921.7
207.729	914.3
208.057	919.3
208.385	932.7
208.713	917.7
209.041	915.3
209.369	933.7
209.696	902.0
210.024	931.7
210.352	910.7
210.680	940.3
211.009	929.3
211.337	939.3
211.665	922.3
211.993	945.3
212.321	929.0
212.650	934.0
212.978	932.7
213.306	946.7
213.635	913.3
213.963	930.7
214.291	940.7
214.620	946.7
214.948	924.0
215.277	932.3
215.606	932.7
215.934	969.3
216.263	909.3
216.592	924.3
216.920	912.0
217.249	921.0
217.578	911.0
217.907	940.3
218.236	914.0
218.565	949.7
218.894	920.7
219.223	929.7
219.552	923.7
219.881	965.0
220.210	912.0
220.539	918.7
220.868	909.3
221.197	936.7
221.527	930.0
221.856	925.0
222.185	920.7
222.515	929.0
222.844	923.7
223.173	931.0
223.503	951.0
223.832	941.7
224.162	935.3
224.492	958.7
224.821	902.7
225.151	938.3
225.481	928.0
225.810	930.0
226.140	923.0
226.470	925.3
226.800	910.3
227.130	948.0
227.460	914.0
227.790	944.3
228.120	920.7
228.450	928.7
228.780	923.7
229.110	942.0
229.440	934.3
229.770	951.0
230.100	946.0
230.431	965.3
230.761	939.3
231.091	948.0
231.422	941.3
231.752	954.3
232.082	941.7
232.413	962.3
232.743	935.0
233.074	938.7
233.404	930.3
233.735	955.7
234.066	944.7
234.396	962.7
234.727	920.3
235.058	946.7
235.389	948.3
235.719	965.7
236.050	934.0
236.381	965.3
236.712	944.3
237.043	945.7
237.374	948.7
237.705	948.3
238.036	956.0
238.367	975.7
238.699	968.0
239.030	959.3
239.361	942.7
239.692	961.7
240.024	918.7
240.355	942.3
240.686	947.0
241.018	951.0
241.349	931.0
241.681	943.3
242.012	951.0
242.344	988.3
242.675	946.7
243.007	979.7
243.339	1012.7
243.670	946.7
244.002	950.3
244.334	939.0
244.666	959.0
244.997	972.3
245.329	957.7
245.661	959.3
245.993	941.3
246.325	968.7
246.657	933.0
246.989	952.7
247.321	969.3
247.654	950.0
247.986	920.7
248.318	962.0
248.650	929.0
248.982	957.7
249.315	941.7
249.647	952.7
249.979	932.0
250.312	945.7
250.644	946.0
250.977	948.7
251.309	927.0
251.642	943.0
251.974	940.0
252.307	934.0
252.640	937.7
252.972	940.7
253.305	922.3
253.638	943.3
253.971	960.0
254.304	953.3
254.637	956.0
254.969	952.3
255.302	956.3
255.635	962.3
255.968	932.7
256.301	962.0
256.635	930.3
256.968	951.0
257.301	943.7
257.634	943.0
257.967	931.7
258.301	947.0
258.634	932.7
258.967	930.0
259.301	954.0
259.634	954.3
259.967	934.7
260.301	939.7
260.634	931.3
260.968	943.0
261.302	933.3
261.635	959.7
261.969	948.0
262.303	930.7
262.636	939.0
262.970	949.3
263.304	911.7
263.638	960.7
263.972	931.7
264.306	950.7
264.639	947.3
264.973	951.0
265.307	930.0
265.642	937.0
265.976	950.3
266.310	948.0
266.644	938.0
266.978	965.0
267.312	938.7
267.647	960.7
267.981	947.0
268.315	968.7
268.650	922.7
268.984	948.0
269.318	955.7
269.653	947.3
269.987	944.3
270.322	953.3
270.656	945.0
270.991	943.3
271.326	929.7
271.660	956.0
271.995	934.3
272.330	945.0
272.665	927.7
272.999	932.0
273.334	944.3
273.669	939.0
274.004	953.7
274.339	946.0
274.674	928.3
275.009	948.3
275.344	931.7
275.679	955.0
276.014	934.7
276.350	943.3
276.685	937.7
277.020	940.7
277.355	962.3
277.691	970.0
278.026	936.7
278.361	970.3
278.697	938.7
279.032	937.0
279.368	947.7
279.703	956.0
280.039	939.3
280.374	955.0
280.710	936.0
281.046	953.3
281.381	931.0
281.717	955.7
282.053	940.7
282.389	940.7
282.724	932.0
283.060	929.3
283.396	920.0
283.732	938.3
284.068	945.7
284.404	915.0
284.740	945.3
285.076	963.3
285.412	937.7
285.748	930.0
286.085	932.3
286.421	971.7
286.757	920.7
287.093	936.7
287.430	953.7
287.766	938.7
288.102	936.0
288.439	929.7
288.775	929.7
289.112	953.7
289.448	902.7
289.785	940.0
290.121	945.3
290.458	940.0
290.795	936.7
291.131	926.0
291.468	931.3
291.805	949.7
292.142	933.0
292.478	946.7
292.815	931.0
293.152	930.3
293.489	910.3
293.826	932.3
294.163	909.7
294.500	921.7
294.837	911.0
295.174	954.0
295.511	936.0
295.849	924.0
296.186	901.7
296.523	942.7
296.860	942.3
297.198	951.0
297.535	919.3
297.872	932.7
298.210	949.0
298.547	935.0
298.885	929.3
299.222	931.0
299.560	929.3
299.897	944.0
300.235	911.3
300.572	942.0
300.910	913.0
301.248	935.0
301.586	931.3
301.923	928.3
302.261	934.7
302.599	967.0
302.937	928.3
303.275	925.7
303.613	915.3
303.951	940.3
304.289	928.3
304.627	945.0
304.965	936.3
305.303	929.3
305.641	929.0
305.979	927.7
306.318	934.0
306.656	949.0
306.994	942.3
307.332	920.3
307.671	935.3
308.009	951.3
308.348	924.7
308.686	939.3
309.025	942.3
309.363	950.0
309.702	936.7
310.040	925.0
310.379	928.0
310.718	943.7
311.056	931.0
311.395	942.3
311.734	903.0
312.072	950.0
312.411	922.0
312.750	922.7
313.089	956.7
313.428	948.7
313.767	917.0
314.106	946.0
314.445	922.3
314.784	916.3
315.123	909.0
315.462	931.0
315.801	933.0
316.141	929.0
316.480	911.7
316.819	929.0
317.158	922.3
317.498	933.3
317.837	916.0
318.176	918.3
318.516	929.0
318.855	926.0
319.195	909.7
319.534	927.0
319.874	932.0
320.213	928.3
320.553	937.0
320.893	932.3
321.232	928.3
321.572	911.3
321.912	933.3
322.252	941.0
322.592	937.3
322.931	931.0
323.271	930.7
323.611	947.3
323.951	928.3
324.291	944.7
324.631	932.3
324.971	916.3
325.311	923.7
325.651	939.7
325.992	951.0
326.332	942.7
326.672	924.7
327.012	935.3
327.353	937.3
327.693	942.3
328.033	945.7
328.374	935.7
328.714	940.7
329.055	947.7
329.395	924.3
329.736	953.7
330.076	923.7
330.417	945.7
330.757	954.0
331.098	952.0
331.439	943.7
331.779	959.3
332.120	938.7
332.461	929.0
332.802	923.3
333.143	934.3
333.483	930.0
333.824	953.0
334.165	924.7
334.506	956.0
334.847	958.7
335.188	930.0
335.529	949.0
335.870	934.7
336.212	943.3
336.553	937.0
336.894	931.7
337.235	937.3
337.576	914.3
337.918	953.0
338.259	918.0
338.600	938.0
338.942	927.3
339.283	946.7
339.625	933.3
339.966	926.0
340.308	949.7
340.649	939.7
340.991	924.0
341.333	928.0
341.674	944.3
342.016	925.3
342.358	943.3
342.699	930.0
343.041	948.3
343.383	927.7
343.725	950.3
344.067	955.3
344.409	912.7
344.751	929.7
345.093	950.0
345.435	945.3
345.777	944.3
346.119	954.0
346.461	954.7
346.803	932.0
347.145	933.7
347.488	914.3
347.830	930.0
348.172	928.0
348.514	911.7
348.857	945.0
349.199	920.7
349.541	930.3
349.884	926.0
350.226	933.3
350.569	931.3
350.911	950.0
351.254	928.0
351.597	905.3
351.939	940.0
352.282	932.7
352.625	947.0
352.967	944.7
353.310	925.0
353.653	935.3
353.996	918.7
354.339	941.0
354.681	931.3
355.024	936.3
355.367	918.0
355.710	918.7
356.053	928.7
356.396	923.0
356.739	921.0
357.083	939.3
357.426	930.3
357.769	923.7
358.112	900.0
358.455	905.0
358.799	909.0
359.142	896.0
359.485	914.3
359.829	886.3
360.172	902.7
360.515	915.3
360.859	868.7
361.202	910.7
361.546	900.7
361.889	906.0
362.233	898.3
362.577	900.7
362.920	918.7
363.264	906.7
363.608	902.0
363.951	913.0
364.295	907.0
364.639	928.0
364.983	903.0
365.327	920.3
365.671	900.0
366.015	921.0
366.359	930.7
366.703	932.7
367.047	900.0
367.391	925.3
367.735	928.3
368.079	914.0
368.423	916.7
368.767	924.7
369.111	910.7
369.456	929.0
369.800	926.7
370.144	928.0
370.489	932.0
370.833	919.3
371.177	917.7
371.522	951.3
371.866	922.3
372.211	934.0
372.555	934.0
372.900	933.7
373.245	917.3
373.589	942.0
373.934	910.3
374.279	906.7
374.623	932.7
374.968	943.3
375.313	916.0
375.658	906.3
376.003	941.3
376.347	941.3
376.692	932.3
377.037	918.3
377.382	921.0
377.727	935.3
378.072	926.3
378.417	925.0
378.762	936.7
379.108	966.0
379.453	944.7
379.798	941.0
380.143	907.3
380.488	940.3
380.834	926.0
381.179	933.0
381.524	910.0
381.870	916.7
382.215	911.0
382.561	929.3
382.906	899.3
383.252	945.3
383.597	908.7
383.943	950.3
384.288	909.7
384.634	923.7
384.980	915.3
385.325	929.3
385.671	936.0
386.017	917.3
386.363	937.7
386.708	920.0
387.054	914.0
387.400	938.3
387.746	924.3
388.092	938.0
388.438	917.3
388.784	953.3
389.130	930.3
389.476	919.0
389.822	935.3
390.168	955.3
390.514	951.3
390.860	943.0
391.207	931.0
391.553	957.0
391.899	914.7
392.246	958.7
392.592	949.0
392.938	955.3
393.285	914.3
393.631	951.0
393.978	934.3
394.324	940.3
394.671	938.3
395.017	949.3
395.364	941.0
395.710	954.0
396.057	955.3
396.404	924.3
396.750	951.7
397.097	961.7
397.444	947.7
397.791	954.7
398.137	943.7
398.484	945.7
398.831	934.7
399.178	933.0
399.525	933.7
399.872	951.0
400.219	928.7
400.566	968.7
400.913	935.0
401.260	949.3
401.607	944.3
401.955	952.3
402.302	952.0
402.649	961.7
402.996	945.0
403.344	943.3
403.691	949.0
404.038	960.0
404.386	944.0
404.733	959.7
405.080	940.7
405.428	942.7
405.775	946.0
406.123	952.0
406.470	934.0
406.818	941.7
407.166	934.0
407.513	940.0
407.861	971.0
408.209	955.3
408.556	946.7
408.904	969.3
409.252	956.3
409.600	962.3
409.948	958.0
410.296	951.7
410.643	955.3
410.991	955.0
411.339	957.0
411.687	967.0
412.035	942.3
412.383	949.7
412.732	928.7
413.080	948.0
413.428	929.0
413.776	958.3
414.124	944.0
414.473	957.3
414.821	939.7
415.169	961.3
415.517	939.7
415.866	939.3
416.214	922.3
416.563	947.0
416.911	926.3
417.260	940.7
417.608	950.7
417.957	935.0
418.305	932.0
418.654	952.3
419.002	941.0
419.351	938.0
419.700	933.7
420.049	944.3
420.397	932.7
420.746	943.7
421.095	917.3
421.444	948.7
421.793	939.7
422.141	944.3
422.490	943.0
422.839	939.3
423.188	946.7
423.537	938.0
423.886	942.7
424.236	931.7
424.585	929.7
424.934	953.0
425.283	929.7
425.632	962.3
425.981	940.7
426.331	944.3
426.680	932.7
427.029	935.7
427.379	920.0
427.728	943.3
428.077	941.3
428.427	939.3
428.776	940.0
429.126	922.7
429.475	933.7
429.825	951.3
430.174	942.7
430.524	953.0
430.874	941.3
431.223	935.7
431.573	936.0
431.923	952.7
432.273	921.0
432.622	928.3
432.972	932.0
433.322	943.0
433.672	947.7
434.022	948.0
434.372	922.7
434.722	929.0
435.072	954.0
435.422	949.0
435.772	940.0
436.122	947.0
436.472	924.0
436.822	946.3
437.172	929.7
437.522	939.3
437.873	940.3
438.223	950.3
438.573	941.7
438.923	956.3
439.274	952.0
439.624	964.0
439.975	957.0
440.325	941.3
440.675	941.3
441.026	950.3
441.376	945.3
441.727	960.7
442.078	948.0
442.428	962.3
442.779	949.0
443.130	960.0
443.480	916.7
443.831	933.3
444.182	943.7
444.532	956.0
444.883	948.7
445.234	961.0
445.585	946.3
445.936	962.0
446.287	955.3
446.638	946.7
446.989	953.0
447.340	959.3
447.691	942.0
448.042	957.7
448.393	934.7
448.744	972.3
449.095	938.3
449.446	952.0
449.798	946.0
450.149	957.7
450.500	952.3
450.851	922.7
451.203	955.3
451.554	956.0
451.905	941.0
452.257	936.0
452.608	956.0
452.960	942.7
453.311	934.7
453.663	936.7
454.014	941.0
454.366	940.7
454.718	946.0
455.069	961.3
455.421	948.3
455.773	929.0
456.124	933.3
456.476	962.7
456.828	958.3
457.180	933.3
457.531	956.0
457.883	972.0
458.235	920.7
458.587	937.3
458.939	954.7
459.291	953.3
459.643	952.3
459.995	948.3
460.347	951.0
460.699	962.3
461.051	940.7
461.404	931.0
461.756	929.0
462.108	937.0
462.460	944.0
462.812	958.3
463.165	961.7
463.517	938.7
463.869	956.7
464.222	981.0
464.574	960.7
464.927	951.7
465.279	948.3
465.632	943.0
465.984	939.7
466.337	954.0
466.689	947.7
467.042	943.7
467.394	967.0
467.747	943.3
468.100	923.3
468.452	947.0
468.805	943.0
469.158	948.0
469.511	936.3
469.864	976.3
470.216	940.0
470.569	946.7
470.922	948.3
471.275	937.7
471.628	943.0
471.981	942.0
472.334	959.7
472.687	952.0
473.040	930.7
473.393	951.3
473.747	951.0
474.100	957.3
474.453	939.0
474.806	933.7
475.159	952.3
475.513	950.7
475.866	951.0
476.219	960.0
476.573	961.7
476.926	929.7
477.279	938.3
477.633	950.0
477.986	948.0
478.340	936.0
478.693	941.3
479.047	950.7
479.400	939.0
479.754	922.7
480.108	931.0
480.461	954.0
480.815	948.0
481.169	933.7
481.522	928.0
481.876	934.3
482.230	932.0
482.584	939.0
482.938	933.7
483.292	936.3
483.646	930.0
483.999	939.3
484.353	931.0
484.707	919.0
485.061	942.3
485.416	933.0
485.770	931.7
486.124	910.0
486.478	919.7
486.832	931.7
487.186	923.7
487.540	924.0
487.895	916.7
488.249	934.7
488.603	948.7
488.957	923.0
489.312	939.3
489.666	927.0
490.021	932.0
490.375	937.0
490.730	930.3
491.084	936.0
491.439	907.0
491.793	934.3
492.148	927.3
492.502	928.7
492.857	939.0
493.211	928.7
493.566	931.7
493.921	938.7
494.276	935.3
494.630	919.3
494.985	933.3
495.340	943.7
495.695	934.3
496.050	926.3
496.405	938.3
496.759	950.3
497.114	934.7
497.469	908.0
497.824	940.7
498.179	920.7
498.534	957.7
498.890	939.7
499.245	931.0
499.600	932.3
499.955	929.0
500.310	933.3
500.665	939.3
501.021	977.0
501.376	931.0
501.731	947.3
502.087	950.0
502.442	953.3
502.797	933.0
503.153	938.3
503.508	930.7
503.864	958.7
504.219	948.3
504.575	929.3
504.930	918.3
505.286	964.0
505.641	941.3
505.997	953.0
506.353	951.7
506.708	937.3
507.064	951.7
507.420	943.3
507.775	933.3
508.131	933.7
508.487	948.0
508.843	928.3
509.199	944.0
509.555	952.3
509.911	945.0
510.266	948.7
510.622	959.3
510.978	961.3
511.334	946.7
511.691	945.0
512.047	955.0
512.403	934.3
512.759	937.7
513.115	966.3
513.471	948.3
513.827	970.7
514.184	940.3
514.540	960.0
514.896	950.3
515.252	956.3
515.609	944.7
515.965	964.0
516.322	948.7
516.678	951.7
517.034	946.0
517.391	954.3
517.747	955.3
518.104	963.3
518.461	935.0
518.817	954.0
519.174	938.0
519.530	959.7
519.887	951.0
520.244	953.0
520.600	967.7
520.957	961.0
521.314	942.0
521.671	956.3
522.027	953.7
522.384	952.0
522.741	947.3
523.098	975.7
523.455	938.3
523.812	940.7
524.169	949.7
524.526	948.0
524.883	972.0
525.240	962.7
525.597	958.7
525.954	964.0
526.311	930.3
526.668	975.0
527.026	957.0
527.383	951.0
527.740	943.3
528.097	982.3
528.455	945.7
528.812	939.0
529.169	935.0
529.527	941.7
529.884	938.7
530.241	951.3
530.599	943.3
530.956	963.3
531.314	947.3
531.671	949.3
532.029	960.7
532.387	952.0
532.744	967.0
533.102	951.7
533.459	941.7
533.817	937.3
534.175	964.3
534.532	957.7
534.890	958.3
535.248	972.7
535.606	958.0
535.964	955.0
536.322	953.7
536.679	976.3
537.037	972.0
537.395	965.3
537.753	961.0
538.111	965.7
538.469	967.0
538.827	965.7
539.185	949.0
539.543	988.0
539.901	969.7
540.260	975.0
540.618	955.0
540.976	967.0
541.334	967.7
541.692	989.3
542.051	968.3
542.409	962.7
542.767	971.7
543.126	963.3
543.484	985.3
543.842	989.7
544.201	989.7
544.559	991.0
544.918	980.7
545.276	965.0
545.635	956.0
545.993	1015.3
546.352	967.0
546.711	979.0
547.069	977.7
547.428	989.0
547.786	983.3
548.145	1012.3
548.504	1010.0
548.863	1007.7
549.221	972.7
549.580	987.3
549.939	986.0
550.298	999.0
550.657	997.7
551.016	1000.7
551.375	989.0
551.734	1014.3
552.093	1010.7
552.452	1027.3
552.811	1019.7
553.170	1021.3
553.529	1051.0
553.888	1042.7
554.247	1022.3
554.606	1014.7
554.965	1070.3
555.324	1075.0
555.684	1048.3
556.043	1068.3
556.402	1056.7
556.762	1074.7
557.121	1066.3
557.480	1089.3
557.840	1078.0
558.199	1099.3
558.558	1092.3
558.918	1113.0
559.277	1140.0
559.637	1116.3
559.996	1129.0
560.356	1141.3
560.716	1136.0
561.075	1148.3
561.435	1151.0
561.794	1181.3
562.154	1176.3
562.514	1190.3
562.874	1211.0
563.233	1208.0
563.593	1215.0
563.953	1238.3
564.313	1240.0
564.673	1258.7
565.033	1250.7
565.392	1277.0
565.752	1297.0
566.112	1294.0
566.472	1354.3
566.832	1341.7
567.192	1364.0
567.552	1397.7
567.912	1360.7
568.273	1393.0
568.633	1425.3
568.993	1443.0
569.353	1463.0
569.713	1470.3
570.073	1496.3
570.434	1527.0
570.794	1571.3
571.154	1595.0
571.515	1622.0
571.875	1681.0
572.235	1667.7
572.596	1663.0
572.956	1700.7
573.317	1763.7
573.677	1793.7
574.038	1798.0
574.398	1864.7
574.759	1898.0
575.119	1947.3
575.480	1967.0
575.840	2005.7
576.201	2032.7
576.562	2088.7
576.922	2126.3
577.283	2201.7
577.644	2240.3
578.005	2304.7
578.365	2364.3
578.726	2418.7
579.087	2466.3
579.448	2541.7
579.809	2614.7
580.170	2722.0
580.531	2761.3
580.892	2835.3
581.253	2953.0
581.614	3068.7
581.975	3106.3
582.336	3172.0
582.697	3343.0
583.058	3425.0
583.419	3520.0
583.780	3657.7
584.141	3788.3
584.503	3892.7
584.864	4073.0
585.225	4199.3
585.586	4373.7
585.948	4509.7
586.309	4627.0
586.670	4795.0
587.032	5008.0
587.393	5150.0
587.754	5312.0
588.116	5443.3
588.477	5659.7
588.839	5802.0
589.200	6011.0
589.562	6257.3
589.923	6470.0
590.285	6618.0
590.647	6883.0
591.008	7141.3
591.370	7259.0
591.732	7418.3
592.093	7645.3
592.455	7749.0
592.817	7832.7
593.179	8006.0
593.540	8193.0
593.902	8317.7
594.264	8313.3
594.626	8345.7
594.988	8445.3
595.350	8373.3
595.712	8437.3
596.074	8282.3
596.436	8205.7
596.798	8199.7
597.160	7963.7
597.522	7850.3
597.884	7701.7
598.246	7437.0
598.608	7157.3
598.970	6943.3
599.332	6629.3
599.695	6351.0
600.057	6065.7
600.419	5757.0
600.781	5582.7
601.144	5249.0
601.506	5034.0
601.868	4784.3
602.231	4540.7
602.593	4354.3
602.956	4154.0
603.318	4074.7
603.680	3857.3
604.043	3689.0
604.405	3566.3
604.768	3461.0
605.131	3424.3
605.493	3243.7
605.856	3161.0
606.218	3057.0
606.581	2977.0
606.944	2869.3
607.306	2832.0
607.669	2755.3
608.032	2652.0
608.395	2610.3
608.757	2564.3
609.120	2459.0
609.483	2397.0
609.846	2323.0
610.209	2260.3
610.572	2247.0
610.935	2169.7
611.298	2106.3
611.661	2034.0
612.024	1988.3
612.387	1931.0
612.750	1880.3
613.113	1811.3
613.476	1762.7
613.839	1717.3
614.202	1676.3
614.565	1655.3
614.928	1595.0
615.292	1586.0
615.655	1515.0
616.018	1497.3
616.381	1434.0
616.745	1431.7
617.108	1381.0
617.471	1385.7
617.835	1335.3
618.198	1328.0
618.562	1280.0
618.925	1297.3
619.289	1245.3
619.652	1255.0
620.016	1220.3
620.379	1222.3
620.743	1188.3
621.106	1164.0
621.470	1156.7
621.833	1155.7
622.197	1141.0
622.561	1100.3
622.924	1124.7
623.288	1108.3
623.652	1113.7
624.016	1113.7
624.379	1084.0
624.743	1077.7
625.107	1064.0
625.471	1061.7
625.835	1061.3
626.199	1085.7
626.563	1034.7
626.927	1056.0
627.291	1069.7
627.655	1042.7
628.019	1025.3
628.383	1029.0
628.747	1015.7
629.111	1020.0
629.475	1018.7
629.839	1020.0
630.203	1006.7
630.567	1014.7
630.931	1010.7
631.296	1020.0
631.660	1009.3
632.024	1023.7
632.389	995.0
632.753	985.0
633.117	983.7
633.481	999.3
633.846	986.3
634.210	993.3
634.575	990.7
634.939	1001.3
635.304	990.7
635.668	964.3
636.033	997.3
636.397	980.3
636.762	979.0
637.126	985.7
637.491	981.0
637.855	968.3
638.220	966.7
638.585	973.3
638.949	963.0
639.314	988.0
639.679	988.0
640.044	965.0
640.408	975.0
640.773	965.0
641.138	958.7
641.503	970.7
641.868	935.7
642.233	979.3
642.598	949.7
642.963	949.0
643.327	941.7
643.692	956.0
644.057	951.3
644.422	954.3
644.788	936.0
645.153	957.0
645.518	932.7
645.883	959.0
646.248	940.7
646.613	967.0
646.978	941.3
647.343	948.7
647.709	950.7
648.074	952.0
648.439	955.0
648.804	948.0
649.170	936.3
649.535	945.7
649.900	935.7
650.266	940.3
650.631	964.7
650.997	949.0
651.362	961.0
651.728	936.7
652.093	952.3
652.459	971.7
652.824	953.0
653.190	953.0
653.555	952.0
653.921	974.7
654.286	976.7
654.652	958.0
655.018	952.7
655.383	969.0
655.749	937.7
656.115	986.7
656.481	977.0
656.846	981.3
657.212	947.3
657.578	958.7
657.944	948.7
658.310	975.0
658.676	956.3
659.041	943.0
659.407	943.7
659.773	947.0
660.139	946.0
660.505	960.3
660.871	946.3
661.237	984.7
661.603	950.0
661.969	946.0
662.336	946.3
662.702	974.0
663.068	954.0
663.434	962.7
663.800	952.0
664.166	963.0
664.533	960.0
664.899	963.7
665.265	969.0
665.631	974.0
665.998	967.3
666.364	964.3
666.730	949.3
667.097	958.3
667.463	960.0
667.830	958.3
668.196	932.7
668.562	942.0
668.929	966.0
669.295	949.3
669.662	957.3
670.028	990.7
670.395	962.3
670.762	948.7
671.128	958.0
671.495	947.3
671.862	970.3
672.228	959.7
672.595	971.0
672.962	964.3
673.328	954.3
673.695	951.3
674.062	957.0
674.429	965.3
674.796	951.0
675.162	974.3
675.529	947.3
675.896	940.3
676.263	952.0
676.630	948.3
676.997	961.7
677.364	943.7
677.731	970.7
678.098	943.3
678.465	935.7
678.832	952.7
679.199	933.3
679.566	949.3
679.933	947.0
680.300	943.7
680.668	957.7
681.035	969.0
681.402	949.7
681.769	979.3
682.136	957.3
682.504	964.7
682.871	967.3
683.238	987.3
683.606	956.0
683.973	996.0
684.340	986.7
684.708	979.7
685.075	953.7
685.442	974.3
685.810	965.3
686.177	949.7
686.545	941.7
686.912	946.0
687.280	975.0
687.647	971.7
688.015	971.0
688.383	967.3
688.750	962.0
689.118	975.0
689.486	951.7
689.853	964.3
690.221	964.7
690.589	959.3
690.956	977.3
691.324	959.3
691.692	960.3
692.060	987.0
692.428	969.7
692.795	955.3
693.163	939.0
693.531	960.0
693.899	937.0
694.267	938.0
694.635	955.3
695.003	931.0
695.371	942.7
695.739	955.7
696.107	951.0
696.475	941.3
696.843	929.7
697.211	943.0
697.579	934.3
697.947	941.0
698.316	937.0
698.684	926.3
699.052	959.3
699.420	936.7
699.788	930.7
700.157	936.3
700.525	930.0
700.893	952.0
701.261	956.0
701.630	931.7
701.998	956.0
702.367	939.7
702.735	955.3
703.103	947.7
703.472	948.0
703.840	967.7
704.209	954.0
704.577	940.0
704.946	939.0
705.314	955.0
705.683	949.0
706.051	963.3
706.420	971.7
706.789	968.7
707.157	938.3
707.526	964.7
707.895	946.3
708.263	959.0
708.632	955.7
709.001	946.0
709.369	931.3
709.738	937.7
710.107	938.3
710.476	950.0
710.845	958.3
711.214	977.7
711.582	949.7
711.951	960.0
712.320	958.3
712.689	939.7
713.058	952.3
713.427	950.0
713.796	947.7
714.165	929.7
714.534	938.0
714.903	938.3
715.272	909.7
715.641	929.0
716.011	922.0
716.380	932.7
716.749	957.7
717.118	934.0
717.487	936.3
717.856	955.7
718.226	944.7
718.595	951.3
718.964	944.7
719.333	959.7
719.703	939.0
720.072	927.3
720.441	957.0
720.811	952.7
721.180	951.3
721.550	958.7
721.919	927.3
722.289	957.3
722.658	946.0
723.027	942.0
723.397	945.7
723.767	948.7
724.136	963.3
724.506	945.7
724.875	946.3
725.245	943.7
725.614	974.3
725.984	935.0
726.354	962.7
726.723	947.0
727.093	938.0
727.463	972.7
727.833	955.0
728.202	970.7
728.572	942.7
728.942	960.3
729.312	966.7
729.682	956.3
730.051	959.3
730.421	967.3
730.791	949.0
731.161	941.7
731.531	954.7
731.901	967.3
732.271	964.3
732.641	976.0
733.011	955.7
733.381	953.7
733.751	959.0
734.121	965.7
734.491	968.0
734.861	949.0
735.232	938.0
735.602	968.0
735.972	952.7
736.342	941.3
736.712	953.0
737.082	922.0
737.453	929.3
737.823	958.3
738.193	937.7
738.564	950.7
738.934	955.0
739.304	953.0
739.675	946.3
740.045	967.3
740.415	947.0
740.786	925.0
741.156	943.3
741.527	932.7
741.897	954.7
742.268	939.7
742.638	962.0
743.009	949.0
743.379	935.7
743.750	956.7
744.120	938.7
744.491	953.0
744.862	942.0
745.232	933.0
745.603	935.0
745.974	934.7
746.344	950.0
746.715	940.0
747.086	945.0
747.457	943.0
747.827	925.0
748.198	931.0
748.569	931.3
748.940	935.0
749.311	937.3
749.681	934.0
750.052	940.0
750.423	936.7
750.794	905.3
751.165	933.7
751.536	947.3
751.907	948.7
752.278	950.7
752.649	941.3
753.020	928.3
753.391	951.0
753.762	972.3
754.133	930.3
754.504	952.3
754.876	931.0
755.247	931.3
755.618	958.7
755.989	936.0
756.360	933.7
756.731	936.0
757.103	940.7
757.474	928.7
757.845	938.3
758.217	925.0
758.588	924.3
758.959	943.0
759.331	929.0
759.702	923.3
760.073	935.0
760.445	945.3
760.816	910.3
761.188	936.7
761.559	939.7
761.931	930.0
762.302	941.3
762.674	935.7
763.045	946.3
763.417	921.3
763.788	947.0
764.160	934.0
764.531	938.3
764.903	946.0
765.275	955.7
765.646	958.7
766.018	971.3
766.390	954.0
766.761	955.3
767.133	957.3
767.505	944.3
767.877	969.7
768.248	942.0
768.620	930.7
768.992	941.3
769.364	945.3
769.736	936.7
770.108	940.0
770.480	949.3
770.851	937.0
771.223	941.0
771.595	957.0
771.967	945.3
772.339	938.3
772.711	953.0
773.083	943.3
773.455	960.7
773.827	977.7
774.200	973.7
774.572	954.7
774.944	963.3
775.316	971.7
775.688	977.0
776.060	958.0
776.432	963.7
776.805	950.7
777.177	971.0
777.549	988.0
777.921	968.7
778.294	949.3
778.666	977.3
779.038	962.0
779.410	951.7
779.783	968.0
780.155	960.3
780.528	942.3
780.900	992.7
781.272	954.3
781.645	964.0
782.017	952.3
782.390	952.0
782.762	963.7
783.135	954.0
783.507	979.3
783.880	985.3
784.252	969.3
784.625	968.3
784.998	964.7
785.370	993.3
785.743	978.7
786.115	977.7
786.488	990.0
786.861	985.7
787.233	966.3
787.606	977.3
787.979	1007.3
788.352	984.3
788.724	972.0
789.097	967.0
789.470	973.3
789.843	989.3
790.216	990.3
790.589	990.0
790.961	958.7
791.334	989.0
791.707	980.7
792.080	969.0
792.453	985.3
792.826	972.0
793.199	981.3
793.572	959.3
793.945	981.0
794.318	965.7
794.691	992.0
795.064	1002.3
795.437	970.0
795.810	984.3
796.183	975.7
796.557	991.3
796.930	971.0
797.303	962.3
797.676	991.0
798.049	971.7
798.422	975.3
798.796	976.0
799.169	986.3
799.542	980.3
799.915	977.7
800.289	990.7
800.662	951.3
801.035	980.0
801.409	968.7
801.782	978.3
802.156	994.7
802.529	997.0
802.902	984.0
803.276	991.7
803.649	966.3
804.023	970.0
804.396	969.0
804.770	995.3
805.143	994.0
805.517	966.0
805.890	981.7
806.264	975.7
806.638	961.7
807.011	959.0
807.385	957.0
807.758	963.0
808.132	964.7
808.506	976.0
808.879	969.3
809.253	978.3
809.627	977.3
810.001	995.3
810.374	977.3
810.748	998.7
811.122	993.3
811.496	998.3
811.870	988.7
812.243	1003.3
812.617	988.3
812.991	990.7
813.365	1031.7
813.739	987.7
814.113	979.0
814.487	977.3
814.861	969.0
815.235	986.0
815.609	971.0
815.983	972.0
816.357	976.0
816.731	992.7
817.105	987.3
817.479	982.7
817.853	992.3
818.227	989.0
818.601	1009.7
818.975	1009.0
819.350	1000.3
819.724	975.7
820.098	977.0
820.472	997.7
820.846	1011.3
821.221	1001.3
821.595	986.0
821.969	992.7
822.343	990.3
822.718	988.3
823.092	982.0
823.466	989.0
823.841	989.7
824.215	984.0
824.589	965.0
824.964	1009.0
825.338	978.0
825.713	971.7
826.087	980.0
826.462	986.7
826.836	955.7
827.211	986.3
827.585	996.3
827.960	978.7
828.334	943.7
828.709	981.3
829.083	968.3
829.458	977.0
829.833	989.3
830.207	984.7
830.582	983.3
830.957	994.0
831.331	995.0
831.706	984.3
832.081	977.0
832.455	987.0
832.830	970.0
833.205	971.7
833.580	982.3
833.954	996.7
834.329	980.3
834.704	992.7
835.079	983.0
835.454	986.7
835.829	977.7
836.203	997.0
836.578	969.0
836.953	987.3
837.328	987.3
837.703	1005.7
838.078	975.0
838.453	971.0
838.828	1000.3
839.203	992.0
839.578	986.3
839.953	977.0
840.328	983.0
840.703	1019.7
841.078	989.0
841.454	995.3
841.829	986.7
842.204	998.7
842.579	981.0
842.954	990.3
843.329	981.3
843.704	984.0
844.080	978.3
844.455	975.7
844.830	979.0
845.205	1000.7
845.581	972.0
845.956	1014.0
846.331	1003.7
846.707	991.3
847.082	994.0
847.457	995.0
847.833	980.7
848.208	992.0
848.584	985.3
848.959	980.7
849.334	985.7
849.710	1005.0
850.085	994.7
850.461	979.3
850.836	994.0
851.212	998.0
851.587	987.7
851.963	983.7
852.338	981.7
852.714	995.0
853.090	983.0
853.465	993.0
853.841	985.3
854.216	983.0
854.592	987.3
854.968	988.7
855.343	964.7
855.719	966.3
856.095	981.0
856.471	983.7
856.846	987.3
857.222	925.7
857.598	959.7
857.974	955.3
858.349	935.0
858.725	955.0
859.101	931.7
859.477	958.0
859.853	934.0
860.229	942.7
860.605	958.7
860.980	928.0
861.356	956.0
861.732	969.0
862.108	954.3
862.484	951.3
862.860	956.7
863.236	941.7
863.612	908.3
863.988	964.7
864.364	939.3
864.740	952.0
865.116	950.3
865.493	947.0
865.869	961.7
866.245	944.7
866.621	940.3
866.997	943.3
867.373	932.0
867.749	968.0
868.126	964.0
868.502	958.7
868.878	924.7
869.254	957.0
869.631	946.0
870.007	959.3
870.383	945.7
870.759	954.0
871.136	948.7
871.512	941.0
871.888	941.3
872.265	953.7
872.641	949.0
873.017	948.0
873.394	946.3
873.770	953.3
874.147	955.0
874.523	967.3
874.900	941.7
875.276	944.0
875.653	956.7
876.029	954.7
876.406	956.0
876.782	972.0
877.159	955.7
877.535	977.3
877.912	969.0
878.288	974.7
878.665	973.7
879.042	982.7
879.418	966.3
879.795	995.3
880.172	976.3
880.548	992.0
880.925	974.7
881.302	987.3
881.678	990.0
882.055	989.3
882.432	977.3
882.809	1003.7
883.185	998.3
883.562	969.0
883.939	975.7
884.316	981.7
884.693	979.0
885.070	985.0
885.446	988.0
885.823	978.0
886.200	965.7
886.577	996.7
886.954	1002.0
887.331	982.0
887.708	974.3
888.085	985.0
888.462	977.7
888.839	986.3
889.216	986.7
889.593	981.3
889.970	995.3
890.347	991.7
890.724	974.0
891.101	991.3
891.478	984.3
891.855	999.3
892.232	989.7
892.610	1001.0
892.987	990.3
893.364	993.7
893.741	1000.7
894.118	1007.3
894.495	974.3
894.873	1029.0
895.250	991.3
895.627	999.3
896.004	987.7
896.382	980.0
896.759	995.0
897.136	986.0
897.514	1000.0
897.891	976.0
898.268	974.3
898.646	985.7
899.023	961.0
899.400	998.3
899.778	970.7
900.155	1000.3
900.533	973.3
900.910	966.3
901.288	961.0
901.665	977.0
902.043	975.3
902.420	977.3
902.798	968.3
903.175	982.3
903.553	967.0
903.930	996.3
904.308	962.7
904.685	989.3
905.063	987.7
905.441	987.7
905.818	976.7
906.196	1009.0
906.573	981.7
906.951	985.3
907.329	989.3
907.707	1001.7
908.084	993.0
908.462	985.3
908.840	967.0
909.217	973.0
909.595	981.7
909.973	964.0
910.351	991.3
910.729	1013.7
911.106	984.7
911.484	1018.7
911.862	973.3
912.240	1001.3
912.618	1021.0
912.996	1013.7
913.373	1000.0
913.751	967.0
914.129	993.3
914.507	993.0
914.885	1017.0
915.263	1019.0
